24
XP_004950281.1 0.0000000 2.7241097 2.9018284 2.4527126 1.7964008 1.5032046 1.5032046 1.4648637 1.4296593 1.4083067 1.4083067 1.4728303 1.3921037 1.4667314 1.4638913 1.4825448 1.4944570 1.4435681 1.4463236 1.4858039 1.4952094 1.4462772 1.5600700 2.8262952 
XP_002942480.2 2.7241097 0.0000000 2.3667655 2.5423734 3.2632151 2.1456396 2.1456396 2.0634509 2.1589957 2.0437915 2.0039264 1.8537714 1.9147444 1.8390260 1.8985041 2.0472310 1.7687688 1.8221111 1.8658282 2.0163398 2.1797721 2.0674707 1.8895477 0.5712562 
NP_001038953.1 2.9018284 2.3667655 0.0000000 0.7848585 2.4234046 1.7235023 1.7235023 1.6984164 1.6723813 1.6817064 1.6457863 1.6649728 1.6152442 1.6819411 1.7720290 1.8786611 1.7433131 1.6896046 1.6687890 1.9575139 1.8901469 1.8797580 1.9568632 2.3976861 
XP_006643008.1 2.4527126 2.5423734 0.7848585 0.0000000 2.1601006 1.8256868 1.8256868 1.8430723 1.6593275 1.7108960 1.7147537 1.8188045 1.8615390 1.8268335 1.8281282 2.0462001 2.0322326 1.9358304 1.9598897 1.6938109 1.8803254 1.9939457 2.2144327 2.5035929 
XP_007656211.1 1.7964008 3.2632151 2.4234046 2.1601006 0.0000000 1.2428880 1.2428880 1.2762093 1.2423679 1.1537965 1.1706316 1.2218364 1.2692523 1.1847797 1.2119588 1.4116985 1.3103532 1.3180447 1.3029243 1.6813574 1.2819083 1.5005150 1.4217435 3.0140562 
NP_001634.1    1.5032046 2.1456396 1.7235023 1.8256868 1.2428880 0.0000000 0.0000010 0.0414262 0.0450625 0.0834684 0.0727494 0.3262326 0.2355458 0.2840088 0.2848296 0.3281226 0.3650507 0.3519985 0.3362149 1.0078102 0.6099017 0.5350129 0.6612531 2.1329764 
XP_004027815.1 1.5032046 2.1456396 1.7235023 1.8256868 1.2428880 0.0000010 0.0000000 0.0414262 0.0450625 0.0834684 0.0727494 0.3262326 0.2355458 0.2840088 0.2848296 0.3281226 0.3650507 0.3519985 0.3362149 1.0078102 0.6099017 0.5350129 0.6612531 2.1329764 
XP_009431992.1 1.4648637 2.0634509 1.6984164 1.8430723 1.2762093 0.0414262 0.0414262 0.0000000 0.0794888 0.1276900 0.1165910 0.3064992 0.2516363 0.3007895 0.2922054 0.3627268 0.4020695 0.3886191 0.3721159 1.0238903 0.6391944 0.5235880 0.6701459 2.0406559 
NP_001158123.1 1.4296593 2.1589957 1.6723813 1.6593275 1.2423679 0.0450625 0.0450625 0.0794888 0.0000000 0.1031683 0.0913163 0.3400033 0.2536286 0.2768338 0.2793324 0.3285883 0.3646760 0.3352486 0.3185495 0.9279546 0.5974520 0.4959711 0.6255663 2.1561516 
XP_003893015.1 1.4083067 2.0437915 1.6817064 1.7108960 1.1537965 0.0834684 0.0834684 0.1276900 0.1031683 0.0000000 0.0100654 0.2801816 0.1781375 0.2148650 0.2154417 0.2949648 0.3105089 0.2981625 0.2835728 0.9423325 0.5917761 0.4898481 0.6096758 2.0157069 
XP_001117975.1 1.4083067 2.0039264 1.6457863 1.7147537 1.1706316 0.0727494 0.0727494 0.1165910 0.0913163 0.0100654 0.0000000 0.2675395 0.1663662 0.2027643 0.2033021 0.2821302 0.2973276 0.2850599 0.2706495 0.9347244 0.5747962 0.4743802 0.5929497 1.9759670 
XP_001503846.1 1.4728303 1.8537714 1.6649728 1.8188045 1.2218364 0.3262326 0.3262326 0.3064992 0.3400033 0.2801816 0.2675395 0.0000000 0.2111461 0.2225037 0.2389228 0.2824861 0.2794888 0.2943598 0.3091604 1.0114231 0.6873549 0.5616947 0.6222671 1.8421908 
XP_536139.3    1.3921037 1.9147444 1.6152442 1.8615390 1.2692523 0.2355458 0.2355458 0.2516363 0.2536286 0.1781375 0.1663662 0.2111461 0.0000000 0.1296798 0.1315471 0.2159055 0.1942077 0.1826286 0.1697097 0.9441578 0.6739752 0.4326003 0.5622516 1.9144286 
XP_002715298.1 1.4667314 1.8390260 1.6819411 1.8268335 1.1847797 0.2840088 0.2840088 0.3007895 0.2768338 0.2148650 0.2027643 0.2225037 0.1296798 0.0000000 0.1521901 0.2104344 0.2550811 0.2281424 0.2147741 0.9221494 0.6518275 0.4334122 0.5218933 1.8262087 
XP_003999611.1 1.4638913 1.8985041 1.7720290 1.8281282 1.2119588 0.2848296 0.2848296 0.2922054 0.2793324 0.2154417 0.2033021 0.2389228 0.1315471 0.1521901 0.0000000 0.2125874 0.2169582 0.2168698 0.2303098 0.8901069 0.6734479 0.4441593 0.5639672 1.8857916 
NP_001173223.1 1.4825448 2.0472310 1.8786611 2.0462001 1.4116985 0.3281226 0.3281226 0.3627268 0.3285883 0.2949648 0.2821302 0.2824861 0.2159055 0.2104344 0.2125874 0.0000000 0.2561116 0.2189880 0.2199020 1.0342730 0.6825708 0.4860884 0.5876588 2.0146191 
NP_001039381.1 1.4944570 1.7687688 1.7433131 2.0322326 1.3103532 0.3650507 0.3650507 0.4020695 0.3646760 0.3105089 0.2973276 0.2794888 0.1942077 0.2550811 0.2169582 0.2561116 0.0000000 0.0312659 0.0420562 0.9215972 0.6436460 0.5073804 0.5510311 1.8954772 
XP_004002742.1 1.4435681 1.8221111 1.6896046 1.9358304 1.3180447 0.3519985 0.3519985 0.3886191 0.3352486 0.2981625 0.2850599 0.2943598 0.1826286 0.2281424 0.2168698 0.2189880 0.0312659 0.0000000 0.0104205 0.9423848 0.6217233 0.4756317 0.5714449 1.9038150 
XP_005677218.1 1.4463236 1.8658282 1.6687890 1.9598897 1.3029243 0.3362149 0.3362149 0.3721159 0.3185495 0.2835728 0.2706495 0.3091604 0.1697097 0.2147741 0.2303098 0.2199020 0.0420562 0.0104205 0.0000000 0.9445188 0.6304569 0.4580106 0.5518852 1.9159665 
XP_005293843.1 1.4858039 2.0163398 1.9575139 1.6938109 1.6813574 1.0078102 1.0078102 1.0238903 0.9279546 0.9423325 0.9347244 1.0114231 0.9441578 0.9221494 0.8901069 1.0342730 0.9215972 0.9423848 0.9445188 0.0000000 1.0968966 0.9803037 1.1320044 1.5157318 
XP_001371984.1 1.4952094 2.1797721 1.8901469 1.8803254 1.2819083 0.6099017 0.6099017 0.6391944 0.5974520 0.5917761 0.5747962 0.6873549 0.6739752 0.6518275 0.6734479 0.6825708 0.6436460 0.6217233 0.6304569 1.0968966 0.0000000 0.7307040 0.7637218 1.9590917 
XP_006496688.1 1.4462772 2.0674707 1.8797580 1.9939457 1.5005150 0.5350129 0.5350129 0.5235880 0.4959711 0.4898481 0.4743802 0.5616947 0.4326003 0.4334122 0.4441593 0.4860884 0.5073804 0.4756317 0.4580106 0.9803037 0.7307040 0.0000000 0.3188630 1.8718329 
XP_006250301.1 1.5600700 1.8895477 1.9568632 2.2144327 1.4217435 0.6612531 0.6612531 0.6701459 0.6255663 0.6096758 0.5929497 0.6222671 0.5622516 0.5218933 0.5639672 0.5876588 0.5510311 0.5714449 0.5518852 1.1320044 0.7637218 0.3188630 0.0000000 1.8742384 
GJQV01093856   2.8262952 0.5712562 2.3976861 2.5035929 3.0140562 2.1329764 2.1329764 2.0406559 2.1561516 2.0157069 1.9759670 1.8421908 1.9144286 1.8262087 1.8857916 2.0146191 1.8954772 1.9038150 1.9159665 1.5157318 1.9590917 1.8718329 1.8742384 0.0000000 
