22
NP_000474.2    0.0000000 0.0100257 0.0201745 0.0945116 0.1297406 0.1405549 0.4758468 0.4927375 0.4003934 0.5243368 0.5975775 0.4630522 0.3997463 0.5655133 0.4869632 0.4565460 1.1986954 1.0523821 1.6254081 2.0169819 2.0691239 2.7298596 
NP_001230828.1 0.0100257 0.0000000 0.0100196 0.0966277 0.1298191 0.1435682 0.4682505 0.4848859 0.3938399 0.5164806 0.5878289 0.4464416 0.3931895 0.5531644 0.4791194 0.4494989 1.1962809 1.0523821 1.6254081 2.0047523 2.0489684 2.6657265 
XP_018870627.1 0.0201745 0.0100196 0.0000000 0.1080330 0.1415921 0.1556349 0.4852422 0.5021798 0.4097806 0.5346133 0.6077402 0.4498600 0.3979582 0.5344194 0.4832011 0.4664714 1.2315935 1.0570021 1.6783048 2.0197371 2.0579249 2.6657265 
XP_009231041.1 0.0945116 0.0966277 0.1080330 0.0000000 0.0960763 0.0958757 0.4278956 0.4440993 0.3547698 0.4695344 0.6009523 0.4459476 0.4326767 0.5238585 0.4438946 0.4366434 1.2328538 1.0826744 1.6695150 2.0526679 2.1111993 2.7544916 
XP_009196973.1 0.1297406 0.1298191 0.1415921 0.0960763 0.0000000 0.0205425 0.3891644 0.4046411 0.3187672 0.4583553 0.5309418 0.4238169 0.4245534 0.4947648 0.4077710 0.3746411 1.0785112 0.9749671 1.6181442 1.9775531 2.0788130 2.6066874 
XP_002801531.1 0.1405549 0.1435682 0.1556349 0.0958757 0.0205425 0.0000000 0.3903812 0.4058694 0.3359212 0.4553702 0.5322436 0.4446503 0.4258293 0.4953953 0.4059505 0.3722599 1.0994958 0.9485100 1.6632732 1.9503593 2.0989449 2.6693171 
XP_004015363.1 0.4758468 0.4682505 0.4852422 0.4278956 0.3891644 0.3903812 0.0000000 0.0099188 0.0715933 0.2994820 0.4636524 0.3945742 0.4019657 0.6789634 0.5549312 0.4752432 1.1768674 1.0231271 1.9476526 1.9158537 1.9090218 3.0326559 
XP_005701831.1 0.4927375 0.4848859 0.5021798 0.4440993 0.4046411 0.4058694 0.0099188 0.0000000 0.0823256 0.3139823 0.4803876 0.4103824 0.4178457 0.6868669 0.5743353 0.4925836 1.1720973 1.0444706 2.0046001 1.9587330 1.9516279 2.9216462 
NP_001095850.1 0.4003934 0.3938399 0.4097806 0.3547698 0.3187672 0.3359212 0.0715933 0.0823256 0.0000000 0.3215478 0.4958497 0.3975353 0.3970985 0.6568488 0.5422679 0.4392552 1.2726956 0.9880604 1.7958689 1.9680800 1.9638723 2.7700007 
XP_005653336.1 0.5243368 0.5164806 0.5346133 0.4695344 0.4583553 0.4553702 0.2994820 0.3139823 0.3215478 0.0000000 0.4698288 0.4656482 0.3830189 0.5865492 0.4778838 0.4203923 1.1978245 0.9076306 1.7095665 2.2186907 2.1753647 2.9118233 
XP_003997697.1 0.5975775 0.5878289 0.6077402 0.6009523 0.5309418 0.5322436 0.4636524 0.4803876 0.4958497 0.4698288 0.0000000 0.3991250 0.4427955 0.7519379 0.6747005 0.5498312 1.3031644 0.9946673 1.9855787 2.1288058 2.6012486 3.1725323 
NP_001003368.1 0.4630522 0.4464416 0.4498600 0.4459476 0.4238169 0.4446503 0.3945742 0.4103824 0.3975353 0.4656482 0.3991250 0.0000000 0.3269779 0.5471180 0.5192143 0.5118258 1.3368899 1.0583231 1.8338080 2.0901240 2.1326817 3.0215577 
XP_001502426.1 0.3997463 0.3931895 0.3979582 0.4326767 0.4245534 0.4258293 0.4019657 0.4178457 0.3970985 0.3830189 0.4427955 0.3269779 0.0000000 0.5065998 0.4436831 0.3754184 1.3236977 0.9880669 1.8923376 2.0675563 2.1780994 3.1613580 
NP_001264873.1 0.5655133 0.5531644 0.5344194 0.5238585 0.4947648 0.4953953 0.6789634 0.6868669 0.6568488 0.5865492 0.7519379 0.5471180 0.5065998 0.0000000 0.2600760 0.5537778 1.4739541 1.0518229 2.1054477 2.1203070 2.1789900 3.0212427 
NP_001078821.1 0.4869632 0.4791194 0.4832011 0.4438946 0.4077710 0.4059505 0.5549312 0.5743353 0.5422679 0.4778838 0.6747005 0.5192143 0.4436831 0.2600760 0.0000000 0.4050773 1.2558386 0.9778891 2.1012860 2.2499096 2.1971283 2.8073538 
XP_008250476.1 0.4565460 0.4494989 0.4664714 0.4366434 0.3746411 0.3722599 0.4752432 0.4925836 0.4392552 0.4203923 0.5498312 0.5118258 0.3754184 0.5537778 0.4050773 0.0000000 1.1653870 0.9864343 1.6250064 1.9742982 2.1454850 3.0684832 
XP_007491646.1 1.1986954 1.1962809 1.2315935 1.2328538 1.0785112 1.0994958 1.1768674 1.1720973 1.2726956 1.1978245 1.3031644 1.3368899 1.3236977 1.4739541 1.2558386 1.1653870 0.0000000 1.3227661 2.1592420 2.7334556 2.9293611 3.6513468 
XP_007659067.1 1.0523821 1.0523821 1.0570021 1.0826744 0.9749671 0.9485100 1.0231271 1.0444706 0.9880604 0.9076306 0.9946673 1.0583231 0.9880669 1.0518229 0.9778891 0.9864343 1.3227661 0.0000000 1.4588729 1.6937452 1.9761300 2.7132649 
XP_004920591.1 1.6254081 1.6254081 1.6783048 1.6695150 1.6181442 1.6632732 1.9476526 2.0046001 1.7958689 1.7095665 1.9855787 1.8338080 1.8923376 2.1054477 2.1012860 1.6250064 2.1592420 1.4588729 0.0000000 1.5724000 1.6085535 2.3324382 
NP_001027890.1 2.0169819 2.0047523 2.0197371 2.0526679 1.9775531 1.9503593 1.9158537 1.9587330 1.9680800 2.2186907 2.1288058 2.0901240 2.0675563 2.1203070 2.2499096 1.9742982 2.7334556 1.6937452 1.5724000 0.0000000 0.6216363 3.3811392 
XP_691110.1    2.0691239 2.0489684 2.0579249 2.1111993 2.0788130 2.0989449 1.9090218 1.9516279 1.9638723 2.1753647 2.6012486 2.1326817 2.1780994 2.1789900 2.1971283 2.1454850 2.9293611 1.9761300 1.6085535 0.6216363 0.0000000 3.2979544 
GJQV01093856   2.7298596 2.6657265 2.6657265 2.7544916 2.6066874 2.6693171 3.0326559 2.9216462 2.7700007 2.9118233 3.1725323 3.0215577 3.1613580 3.0212427 2.8073538 3.0684832 3.6513468 2.7132649 2.3324382 3.3811392 3.2979544 0.0000000 
