22
NP_443200.2    0.0000000 0.0395209 0.0365157 0.0083456 0.2454645 0.0167187 0.3676358 0.3944124 0.2535553 0.2520377 0.2825366 0.2598158 0.2669174 0.2419155 0.2744974 0.2748777 0.6932334 1.4725389 1.4518175 1.4149689 1.8721884 4.6587679 
XP_002799851.1 0.0395209 0.0000000 0.0027498 0.0365755 0.2713704 0.0450911 0.3828128 0.4023261 0.2638452 0.2645342 0.2900649 0.2673203 0.2772531 0.2581897 0.2938536 0.2881531 0.6959274 1.4981626 1.4671613 1.4535681 1.9723734 4.5483114 
NP_001162239.1 0.0365157 0.0027498 0.0000000 0.0335942 0.2653408 0.0420635 0.3877408 0.4072845 0.2592923 0.2642083 0.2897144 0.2669898 0.2768447 0.2537642 0.2891523 0.2834783 0.6889852 1.4857334 1.4548866 1.4417630 1.9555642 4.7224485 
XP_003313361.1 0.0083456 0.0365755 0.0335942 0.0000000 0.2398132 0.0138857 0.3740107 0.3971174 0.2493073 0.2477265 0.2780784 0.2554599 0.2614127 0.2377685 0.2790562 0.2704694 0.6909659 1.4729192 1.4522177 1.4235827 1.8917306 4.9256240 
XP_009245366.1 0.2454645 0.2713704 0.2653408 0.2398132 0.0000000 0.2480824 0.6251513 0.6291815 0.5395756 0.5370012 0.5502414 0.5440988 0.5836449 0.5047928 0.5492717 0.5526549 0.9818182 1.6591037 1.6205279 1.6479772 2.3025414 5.2809357 
XP_004052226.1 0.0167187 0.0450911 0.0420635 0.0138857 0.2480824 0.0000000 0.3634212 0.3863967 0.2530254 0.2469137 0.2771833 0.2546243 0.2657869 0.2371737 0.2738991 0.2767505 0.6725657 1.4608526 1.4401823 1.4123567 1.8855905 4.7224485 
NP_536682.2    0.3676358 0.3828128 0.3877408 0.3740107 0.6251513 0.3634212 0.0000000 0.1011869 0.4255581 0.4840025 0.5228278 0.4946064 0.4839086 0.3984555 0.4469740 0.4692642 0.7768324 1.5612792 1.5840648 1.5342830 2.0914568 5.2557943 
NP_001264193.1 0.3944124 0.4023261 0.4072845 0.3971174 0.6291815 0.3863967 0.1011869 0.0000000 0.4257280 0.4781470 0.5215767 0.4909029 0.4902891 0.4176629 0.4610441 0.4626641 0.7579348 1.5255144 1.5497762 1.4781162 2.0333581 4.7125635 
NP_001164880.1 0.2535553 0.2638452 0.2592923 0.2493073 0.5395756 0.2530254 0.4255581 0.4257280 0.0000000 0.3265266 0.3619798 0.3379575 0.3306291 0.3336915 0.3348221 0.3533916 0.7245118 1.5058715 1.4783054 1.4068300 2.0221669 5.5193507 
XP_001500835.1 0.2520377 0.2645342 0.2642083 0.2477265 0.5370012 0.2469137 0.4840025 0.4781470 0.3265266 0.0000000 0.2488663 0.2164007 0.2405226 0.2422573 0.2662273 0.2611884 0.7105764 1.5044491 1.4477502 1.3824327 2.1373828 5.2003059 
NP_001076961.1 0.2825366 0.2900649 0.2897144 0.2780784 0.5502414 0.2771833 0.5228278 0.5215767 0.3619798 0.2488663 0.0000000 0.0419328 0.0558581 0.2278670 0.2536999 0.2950654 0.7052870 1.4747797 1.4574270 1.4126357 2.0641200 5.3192822 
XP_017914482.1 0.2598158 0.2673203 0.2669898 0.2554599 0.5440988 0.2546243 0.4946064 0.4909029 0.3379575 0.2164007 0.0419328 0.0000000 0.0134393 0.2098538 0.2315497 0.2650929 0.6895604 1.4943949 1.4586804 1.4183033 2.0483368 5.5788100 
XP_004016095.1 0.2669174 0.2772531 0.2768447 0.2614127 0.5836449 0.2657869 0.4839086 0.4902891 0.3306291 0.2405226 0.0558581 0.0134393 0.0000000 0.2313340 0.2519632 0.3082108 0.6291217 1.4531996 1.4363336 1.3897442 2.0553907 3.5791319 
NP_001152780.1 0.2419155 0.2581897 0.2537642 0.2377685 0.5047928 0.2371737 0.3984555 0.4176629 0.3336915 0.2422573 0.2278670 0.2098538 0.2313340 0.0000000 0.2815673 0.2699196 0.6678160 1.4208944 1.3741051 1.2986438 1.8250631 4.9027055 
XP_003992440.1 0.2744974 0.2938536 0.2891523 0.2790562 0.5492717 0.2738991 0.4469740 0.4610441 0.3348221 0.2662273 0.2536999 0.2315497 0.2519632 0.2815673 0.0000000 0.1812536 0.6998637 1.4819437 1.4505241 1.4532797 2.1586106 5.3767841 
XP_005619788.1 0.2748777 0.2881531 0.2834783 0.2704694 0.5526549 0.2767505 0.4692642 0.4626641 0.3533916 0.2611884 0.2950654 0.2650929 0.3082108 0.2699196 0.1812536 0.0000000 0.7284548 1.5012491 1.4995178 1.4467290 2.1296903 4.9513006 
XP_001380879.3 0.6932334 0.6959274 0.6889852 0.6909659 0.9818182 0.6725657 0.7768324 0.7579348 0.7245118 0.7105764 0.7052870 0.6895604 0.6291217 0.6678160 0.6998637 0.7284548 0.0000000 1.5577035 1.5895102 1.6060811 2.2146703 5.1578766 
XP_004948132.1 1.4725389 1.4981626 1.4857334 1.4729192 1.6591037 1.4608526 1.5612792 1.5255144 1.5058715 1.5044491 1.4747797 1.4943949 1.4531996 1.4208944 1.4819437 1.5012491 1.5577035 0.0000000 0.1236887 0.5531924 1.3070779 4.5318934 
XP_003212774.1 1.4518175 1.4671613 1.4548866 1.4522177 1.6205279 1.4401823 1.5840648 1.5497762 1.4783054 1.4477502 1.4574270 1.4586804 1.4363336 1.3741051 1.4505241 1.4995178 1.5895102 0.1236887 0.0000000 0.4800673 1.2530287 4.0861525 
XP_005299881.1 1.4149689 1.4535681 1.4417630 1.4235827 1.6479772 1.4123567 1.5342830 1.4781162 1.4068300 1.3824327 1.4126357 1.4183033 1.3897442 1.2986438 1.4532797 1.4467290 1.6060811 0.5531924 0.4800673 0.0000000 1.0657518 5.2045978 
NP_001116904.1 1.8721884 1.9723734 1.9555642 1.8917306 2.3025414 1.8855905 2.0914568 2.0333581 2.0221669 2.1373828 2.0641200 2.0483368 2.0553907 1.8250631 2.1586106 2.1296903 2.2146703 1.3070779 1.2530287 1.0657518 0.0000000 5.1731962 
GJQV01093856   4.6587679 4.5483114 4.7224485 4.9256240 5.2809357 4.7224485 5.2557943 4.7125635 5.5193507 5.2003059 5.3192822 5.5788100 3.5791319 4.9027055 5.3767841 4.9513006 5.1578766 4.5318934 4.0861525 5.2045978 5.1731962 0.0000000 
