"","Homo_sapiens","gorilla_gorilla","Papio_anubis","Macaca_mulatta","Pongo_abelii","lupus_familiaris","Felis_catus","Rattus_norvegicus","Mus_musculus","Ornithorhynchus_anatinus","Gallus_gallus","Meleagris_gallopavo","picta_bellii","Xenopus_tropicalis","Latimeria_chalumnae","Oryzias_latipes","Takifugu_rubripes","Danio_rerio","Lepisosteus_oculatus","Xenopus_laevis","Rhincodon_typus","Callorhinchus_milii","Monodelphis_domestica","Sus_scrofa","Bos_taurus","Capra_hircus","Equus_caballus","Oryctolagus_cuniculus","Pan_troglodytes"
"Homo_sapiens",0,5.166e-06,0.0514064046,0.0514064046,0.0194247596,0.167391542,0.3722848036,0.5729408223,0.4994009067,0.7784617097,1.0973787908,1.0731523549,1.0506741431,1.5973871214,2.4378939632,2.8550744834,3.1333027283,2.4721539812,2.1119208516,3.2357437426,2.2589843066,1.8925876939,1.3950196653,0.299502059,0.2780316524,0.288014189,0.3216404574,0.2876315613,0
"gorilla_gorilla",5.166e-06,0,0.0514064046,0.0514064046,0.0194247596,0.167391542,0.3722848036,0.5729408223,0.4994009067,0.7784617097,1.0973787908,1.0731523549,1.0506741431,1.5973871214,2.4378939632,2.8550744834,3.1333027283,2.4721539812,2.1119208516,3.2357437426,2.2589843066,1.8925876939,1.3950196653,0.299502059,0.2780316524,0.288014189,0.3216404574,0.2876315613,5.166e-06
"Papio_anubis",0.0514064046,0.0514064046,0,5.166e-06,0.0475096836,0.2119885594,0.416881821,0.6175378397,0.5439979241,0.8230587271,1.1419758082,1.1177493723,1.0952711605,1.6419841388,2.4824909806,2.8996715008,3.1778997457,2.5167509986,2.156517869,3.28034076,2.303581324,1.9371847113,1.4396166827,0.3440990764,0.3226286698,0.3326112064,0.3662374748,0.3322285787,0.0514064046
"Macaca_mulatta",0.0514064046,0.0514064046,5.166e-06,0,0.0475096836,0.2119885594,0.416881821,0.6175378397,0.5439979241,0.8230587271,1.1419758082,1.1177493723,1.0952711605,1.6419841388,2.4824909806,2.8996715008,3.1778997457,2.5167509986,2.156517869,3.28034076,2.303581324,1.9371847113,1.4396166827,0.3440990764,0.3226286698,0.3326112064,0.3662374748,0.3322285787,0.0514064046
"Pongo_abelii",0.0194247596,0.0194247596,0.0475096836,0.0475096836,0,0.1800069144,0.384900176,0.5855561947,0.5120162791,0.7910770821,1.1099941632,1.0857677273,1.0632895155,1.6100024938,2.4505093356,2.8676898558,3.1459181007,2.4847693536,2.124536224,3.248359115,2.271599679,1.9052030663,1.4076350377,0.3121174314,0.2906470248,0.3006295614,0.3342558298,0.3002469337,0.0194247596
"lupus_familiaris",0.167391542,0.167391542,0.2119885594,0.2119885594,0.1800069144,0,0.2415392402,0.5115383589,0.4379984433,0.7170592463,1.0359763274,1.0117498915,0.9892716797,1.535984658,2.3764914998,2.79367202,3.0719002649,2.4107515178,2.0505183882,3.1743412792,2.1975818432,1.8311852305,1.3336172019,0.2380995956,0.216629189,0.2266117256,0.260237994,0.2262290979,0.167391542
"Felis_catus",0.3722848036,0.3722848036,0.416881821,0.416881821,0.384900176,0.2415392402,0,0.7164316205,0.6428917049,0.9219525079,1.240869589,1.2166431531,1.1941649413,1.7408779196,2.5813847614,2.9985652816,3.2767935265,2.6156447794,2.2554116498,3.3792345408,2.4024751048,2.0360784921,1.5385104635,0.4429928572,0.4215224506,0.4315049872,0.4651312556,0.4311223595,0.3722848036
"Rattus_norvegicus",0.5729408223,0.5729408223,0.6175378397,0.6175378397,0.5855561947,0.5115383589,0.7164316205,0,0.3711370344,0.92887129,1.2477883711,1.2235619352,1.2010837234,1.7477967017,2.5883035435,3.0054840637,3.2837123086,2.6225635615,2.2623304319,3.3861533229,2.4093938869,2.0429972742,1.5454292456,0.5591929451,0.5377225385,0.5477050751,0.5813313435,0.5914673176,0.5729408223
"Mus_musculus",0.4994009067,0.4994009067,0.5439979241,0.5439979241,0.5120162791,0.4379984433,0.6428917049,0.3711370344,0,0.8553313744,1.1742484555,1.1500220196,1.1275438078,1.6742567861,2.5147636279,2.9319441481,3.210172393,2.5490236459,2.1887905163,3.3126134073,2.3358539713,1.9694573586,1.47188933,0.4856530295,0.4641826229,0.4741651595,0.5077914279,0.517927402,0.4994009067
"Ornithorhynchus_anatinus",0.7784617097,0.7784617097,0.8230587271,0.8230587271,0.7910770821,0.7170592463,0.9219525079,0.92887129,0.8553313744,0,0.7714635549,0.747237119,0.7247589072,1.2714718855,2.1119787273,2.5291592475,2.8073874924,2.1462387453,1.7860056157,2.9098285067,1.9330690707,1.566672458,1.0691044294,0.7647138325,0.7432434259,0.7532259625,0.7868522309,0.796988205,0.7784617097
"Gallus_gallus",1.0973787908,1.0973787908,1.1419758082,1.1419758082,1.1099941632,1.0359763274,1.240869589,1.2477883711,1.1742484555,0.7714635549,0,0.0312573865,0.3271227551,1.250554485,2.0910613268,2.508241847,2.7864700919,2.1253213448,1.7650882152,2.8889111062,1.9121516702,1.5457550575,1.1955709577,1.0836309136,1.062160507,1.0721430436,1.105769312,1.1159052861,1.0973787908
"Meleagris_gallopavo",1.0731523549,1.0731523549,1.1177493723,1.1177493723,1.0857677273,1.0117498915,1.2166431531,1.2235619352,1.1500220196,0.747237119,0.0312573865,0,0.3028963192,1.2263280491,2.0668348909,2.4840154111,2.762243656,2.1010949089,1.7408617793,2.8646846703,1.8879252343,1.5215286216,1.1713445218,1.0594044777,1.0379340711,1.0479166077,1.0815428761,1.0916788502,1.0731523549
"picta_bellii",1.0506741431,1.0506741431,1.0952711605,1.0952711605,1.0632895155,0.9892716797,1.1941649413,1.2010837234,1.1275438078,0.7247589072,0.3271227551,0.3028963192,0,1.2038498373,2.0443566791,2.4615371993,2.7397654442,2.0786166971,1.7183835675,2.8422064585,1.8654470225,1.4990504098,1.14886631,1.0369262659,1.0154558593,1.0254383959,1.0590646643,1.0692006384,1.0506741431
"Xenopus_tropicalis",1.5973871214,1.5973871214,1.6419841388,1.6419841388,1.6100024938,1.535984658,1.7408779196,1.7477967017,1.6742567861,1.2714718855,1.250554485,1.2263280491,1.2038498373,0,2.0874493142,2.5046298344,2.7828580793,2.1217093322,1.7614762026,2.8852990936,1.9085396576,1.5421430449,1.6955792883,1.5836392442,1.5621688376,1.5721513742,1.6057776426,1.6159136167,1.5973871214
"Latimeria_chalumnae",2.4378939632,2.4378939632,2.4824909806,2.4824909806,2.4505093356,2.3764914998,2.5813847614,2.5883035435,2.5147636279,2.1119787273,2.0910613268,2.0668348909,2.0443566791,2.0874493142,0,2.4633005516,2.7415287965,2.0803800494,1.7201469198,2.9675601882,2.1533853878,1.7869887751,2.5360861301,2.424146086,2.4026756794,2.412658216,2.4462844844,2.4564204585,2.4378939632
"Oryzias_latipes",2.8550744834,2.8550744834,2.8996715008,2.8996715008,2.8676898558,2.79367202,2.9985652816,3.0054840637,2.9319441481,2.5291592475,2.508241847,2.4840154111,2.4615371993,2.5046298344,2.4633005516,0,0.6752287589,1.2137871906,1.2298533188,3.3847407084,2.570565908,2.2041692953,2.9532666503,2.8413266062,2.8198561996,2.8298387362,2.8634650046,2.8736009787,2.8550744834
"Takifugu_rubripes",3.1333027283,3.1333027283,3.1778997457,3.1778997457,3.1459181007,3.0719002649,3.2767935265,3.2837123086,3.210172393,2.8073874924,2.7864700919,2.762243656,2.7397654442,2.7828580793,2.7415287965,0.6752287589,0,1.4920154355,1.5080815637,3.6629689533,2.8487941529,2.4823975402,3.2314948952,3.1195548511,3.0980844445,3.1080669811,3.1416932495,3.1518292236,3.1333027283
"Danio_rerio",2.4721539812,2.4721539812,2.5167509986,2.5167509986,2.4847693536,2.4107515178,2.6156447794,2.6225635615,2.5490236459,2.1462387453,2.1253213448,2.1010949089,2.0786166971,2.1217093322,2.0803800494,1.2137871906,1.4920154355,0,0.8469328166,3.0018202062,2.1876454058,1.8212487931,2.5703461481,2.458406104,2.4369356974,2.446918234,2.4805445024,2.4906804765,2.4721539812
"Lepisosteus_oculatus",2.1119208516,2.1119208516,2.156517869,2.156517869,2.124536224,2.0505183882,2.2554116498,2.2623304319,2.1887905163,1.7860056157,1.7650882152,1.7408617793,1.7183835675,1.7614762026,1.7201469198,1.2298533188,1.5080815637,0.8469328166,0,2.6415870766,1.8274122762,1.4610156635,2.2101130185,2.0981729744,2.0767025678,2.0866851044,2.1203113728,2.1304473469,2.1119208516
"Xenopus_laevis",3.2357437426,3.2357437426,3.28034076,3.28034076,3.248359115,3.1743412792,3.3792345408,3.3861533229,3.3126134073,2.9098285067,2.8889111062,2.8646846703,2.8422064585,2.8852990936,2.9675601882,3.3847407084,3.6629689533,3.0018202062,2.6415870766,0,2.9512351672,2.5848385545,3.3339359095,3.2219958654,3.2005254588,3.2105079954,3.2441342638,3.2542702379,3.2357437426
"Rhincodon_typus",2.2589843066,2.2589843066,2.303581324,2.303581324,2.271599679,2.1975818432,2.4024751048,2.4093938869,2.3358539713,1.9330690707,1.9121516702,1.8879252343,1.8654470225,1.9085396576,2.1533853878,2.570565908,2.8487941529,2.1876454058,1.8274122762,2.9512351672,0,1.0793846963,2.3571764735,2.2452364294,2.2237660228,2.2337485594,2.2673748278,2.2775108019,2.2589843066
"Callorhinchus_milii",1.8925876939,1.8925876939,1.9371847113,1.9371847113,1.9052030663,1.8311852305,2.0360784921,2.0429972742,1.9694573586,1.566672458,1.5457550575,1.5215286216,1.4990504098,1.5421430449,1.7869887751,2.2041692953,2.4823975402,1.8212487931,1.4610156635,2.5848385545,1.0793846963,0,1.9907798608,1.8788398167,1.8573694101,1.8673519467,1.9009782151,1.9111141892,1.8925876939
"Monodelphis_domestica",1.3950196653,1.3950196653,1.4396166827,1.4396166827,1.4076350377,1.3336172019,1.5385104635,1.5454292456,1.47188933,1.0691044294,1.1955709577,1.1713445218,1.14886631,1.6955792883,2.5360861301,2.9532666503,3.2314948952,2.5703461481,2.2101130185,3.3339359095,2.3571764735,1.9907798608,0,1.3812717881,1.3598013815,1.3697839181,1.4034101865,1.4135461606,1.3950196653
"Sus_scrofa",0.299502059,0.299502059,0.3440990764,0.3440990764,0.3121174314,0.2380995956,0.4429928572,0.5591929451,0.4856530295,0.7647138325,1.0836309136,1.0594044777,1.0369262659,1.5836392442,2.424146086,2.8413266062,3.1195548511,2.458406104,2.0981729744,3.2219958654,2.2452364294,1.8788398167,1.3812717881,0,0.1424127622,0.1523952988,0.2740074058,0.3180285543,0.299502059
"Bos_taurus",0.2780316524,0.2780316524,0.3226286698,0.3226286698,0.2906470248,0.216629189,0.4215224506,0.5377225385,0.4641826229,0.7432434259,1.062160507,1.0379340711,1.0154558593,1.5621688376,2.4026756794,2.8198561996,3.0980844445,2.4369356974,2.0767025678,3.2005254588,2.2237660228,1.8573694101,1.3598013815,0.1424127622,0,0.0099871172,0.2525369992,0.2965581477,0.2780316524
"Capra_hircus",0.288014189,0.288014189,0.3326112064,0.3326112064,0.3006295614,0.2266117256,0.4315049872,0.5477050751,0.4741651595,0.7532259625,1.0721430436,1.0479166077,1.0254383959,1.5721513742,2.412658216,2.8298387362,3.1080669811,2.446918234,2.0866851044,3.2105079954,2.2337485594,1.8673519467,1.3697839181,0.1523952988,0.0099871172,0,0.2625195358,0.3065406843,0.288014189
"Equus_caballus",0.3216404574,0.3216404574,0.3662374748,0.3662374748,0.3342558298,0.260237994,0.4651312556,0.5813313435,0.5077914279,0.7868522309,1.105769312,1.0815428761,1.0590646643,1.6057776426,2.4462844844,2.8634650046,3.1416932495,2.4805445024,2.1203113728,3.2441342638,2.2673748278,1.9009782151,1.4034101865,0.2740074058,0.2525369992,0.2625195358,0,0.3401669527,0.3216404574
"Oryctolagus_cuniculus",0.2876315613,0.2876315613,0.3322285787,0.3322285787,0.3002469337,0.2262290979,0.4311223595,0.5914673176,0.517927402,0.796988205,1.1159052861,1.0916788502,1.0692006384,1.6159136167,2.4564204585,2.8736009787,3.1518292236,2.4906804765,2.1304473469,3.2542702379,2.2775108019,1.9111141892,1.4135461606,0.3180285543,0.2965581477,0.3065406843,0.3401669527,0,0.2876315613
"Pan_troglodytes",0,5.166e-06,0.0514064046,0.0514064046,0.0194247596,0.167391542,0.3722848036,0.5729408223,0.4994009067,0.7784617097,1.0973787908,1.0731523549,1.0506741431,1.5973871214,2.4378939632,2.8550744834,3.1333027283,2.4721539812,2.1119208516,3.2357437426,2.2589843066,1.8925876939,1.3950196653,0.299502059,0.2780316524,0.288014189,0.3216404574,0.2876315613,0
