28
XP_005271597.1 0.0000000 0.0000010 0.0522326 0.0522326 0.0197058 0.1707793 0.3596867 0.5177448 0.4665343 0.2404579 0.2256703 0.2484565 0.2484258 0.2877624 0.6785673 0.8568746 0.8700486 0.8540398 1.0634386 1.1924111 1.8056736 2.2155539 2.5610423 2.1198291 1.6849474 2.0826261 1.5207413 2.2927622 
XP_004052232.1 0.0000010 0.0000000 0.0522326 0.0522326 0.0197058 0.1707793 0.3596867 0.5177448 0.4665343 0.2404579 0.2256703 0.2484565 0.2484258 0.2877624 0.6785673 0.8568746 0.8700486 0.8540398 1.0634386 1.1924111 1.8056736 2.2155539 2.5610423 2.1198291 1.6849474 2.0826261 1.5207413 2.2927622 
NP_001106116.1 0.0522326 0.0522326 0.0000000 0.0000010 0.0483839 0.1944631 0.3529151 0.5440290 0.4958757 0.2700972 0.2630972 0.2655739 0.2768890 0.3051961 0.6574275 0.8196470 0.8339650 0.8277318 1.0578565 1.1586439 1.8427101 2.2750394 2.5792271 2.1037564 1.6893105 2.0656644 1.5260243 2.3014291 
XP_001090774.1 0.0522326 0.0522326 0.0000010 0.0000000 0.0483839 0.1944631 0.3529151 0.5440290 0.4958757 0.2700972 0.2630972 0.2655739 0.2768890 0.3051961 0.6574275 0.8196470 0.8339650 0.8277318 1.0578565 1.1586439 1.8427101 2.2750394 2.5792271 2.1037564 1.6893105 2.0656644 1.5260243 2.3014291 
XP_009245368.1 0.0197058 0.0197058 0.0483839 0.0483839 0.0000000 0.1794248 0.3632341 0.5287639 0.4836259 0.2539479 0.2396058 0.2574287 0.2599099 0.2866727 0.7023827 0.8666967 0.8813194 0.8656748 1.0681954 1.1715112 1.8511707 2.2131730 2.5809799 2.0972544 1.6798224 2.0309450 1.4863758 2.2927622 
XP_536564.2    0.1707793 0.1707793 0.1944631 0.1944631 0.1794248 0.0000000 0.2404399 0.4666055 0.4085729 0.2331827 0.1771246 0.1702834 0.1740763 0.2318148 0.6560480 0.8464689 0.8577940 0.8502609 1.0369055 1.2347550 1.9289455 2.2912524 2.5463653 2.1688669 1.6981077 2.0052493 1.4882318 2.4096324 
XP_003992505.2 0.3596867 0.3596867 0.3529151 0.3529151 0.3632341 0.2404399 0.0000000 0.7056298 0.5799910 0.4180671 0.3850177 0.3705207 0.3012285 0.4029213 0.8315587 1.0204120 0.9950123 0.9732243 1.2141853 1.3579577 2.3205396 2.4641772 2.6770059 2.4295300 1.9221161 2.2998869 1.6441697 2.3332340 
NP_036870.1    0.5177448 0.5177448 0.5440290 0.5440290 0.5287639 0.4666055 0.7056298 0.0000000 0.3723370 0.5139716 0.5152684 0.4899323 0.4234632 0.5301909 0.9272924 1.0694532 1.0724718 1.0301676 1.2229741 1.3860486 2.1534615 2.2343763 2.4373454 2.2878705 1.8202710 2.1519687 1.5280139 2.1947845 
NP_033822.2    0.4665343 0.4665343 0.4958757 0.4958757 0.4836259 0.4085729 0.5799910 0.3723370 0.0000000 0.4375005 0.4813861 0.4321262 0.3629520 0.4496361 0.8310175 1.0234382 1.0294041 0.9887537 1.1192375 1.2423957 1.9392264 2.0712052 2.2748645 2.1037011 1.7052924 1.9779108 1.3972977 2.2067567 
NP_001095157.1 0.2404579 0.2404579 0.2700972 0.2700972 0.2539479 0.2331827 0.4180671 0.5139716 0.4375005 0.0000000 0.3077135 0.2781729 0.2466590 0.3075765 0.6895392 0.8775545 0.8889097 0.8682049 1.1063910 1.2536069 1.8831303 2.2681364 2.3418823 2.0571690 1.6371420 2.0635721 1.5556721 2.0436454 
NP_999563.1    0.2256703 0.2256703 0.2630972 0.2630972 0.2396058 0.1771246 0.3850177 0.5152684 0.4813861 0.3077135 0.0000000 0.1403683 0.1357840 0.2667511 0.6784196 0.8315060 0.8102743 0.8479173 1.0529151 1.3628231 1.9203331 2.3199152 2.5250872 2.0735509 1.6951546 1.9562387 1.5371150 2.5850417 
NP_776667.2    0.2484565 0.2484565 0.2655739 0.2655739 0.2574287 0.1702834 0.3705207 0.4899323 0.4321262 0.2781729 0.1403683 0.0000000 0.0098926 0.2374801 0.6498456 0.8498962 0.8371690 0.8399109 1.0154361 1.3059638 1.8054157 2.3248967 2.5711007 2.0681013 1.6327495 2.0074672 1.4198119 2.4308216 
XP_005689684.1 0.2484258 0.2484258 0.2768890 0.2768890 0.2599099 0.1740763 0.3012285 0.4234632 0.3629520 0.2466590 0.1357840 0.0098926 0.0000000 0.2222619 0.5608624 0.7941806 0.8067636 0.7912476 0.9450499 1.2872622 1.6965022 2.1705476 2.3412855 1.9730514 1.5867882 2.0268717 1.2892354 2.3811918 
XP_005611649.1 0.2877624 0.2877624 0.3051961 0.3051961 0.2866727 0.2318148 0.4029213 0.5301909 0.4496361 0.3075765 0.2667511 0.2374801 0.2222619 0.0000000 0.6986072 0.9038493 0.8970825 0.8523829 1.0765919 1.2394589 1.8860868 2.3148573 2.5426066 2.0923067 1.7230751 1.9657230 1.4908275 2.2251204 
XP_001517346.1 0.6785673 0.6785673 0.6574275 0.6574275 0.7023827 0.6560480 0.8315587 0.9272924 0.8310175 0.6895392 0.6784196 0.6498456 0.5608624 0.6986072 0.0000000 0.6186474 0.6175878 0.6323530 1.0385604 1.1530211 1.6542431 2.1687951 2.4649966 1.8585774 1.6174769 1.7828458 1.4393318 2.0259283 
NP_990856.1    0.8568746 0.8568746 0.8196470 0.8196470 0.8666967 0.8464689 1.0204120 1.0694532 1.0234382 0.8775545 0.8315060 0.8498962 0.7941806 0.9038493 0.6186474 0.0000000 0.0314340 0.3129463 1.0801279 1.0884863 1.6444645 2.1108461 2.3533075 1.7413043 1.4385785 1.6853514 1.3553842 2.1369663 
XP_003212772.1 0.8700486 0.8700486 0.8339650 0.8339650 0.8813194 0.8577940 0.9950123 1.0724718 1.0294041 0.8889097 0.8102743 0.8371690 0.8067636 0.8970825 0.6175878 0.0314340 0.0000000 0.2957761 1.1011505 1.0781590 1.6430491 2.1083652 2.3800393 1.7134277 1.4459633 1.7000650 1.3719908 2.1671682 
XP_005299801.1 0.8540398 0.8540398 0.8277318 0.8277318 0.8656748 0.8502609 0.9732243 1.0301676 0.9887537 0.8682049 0.8479173 0.8399109 0.7912476 0.8523829 0.6323530 0.3129463 0.2957761 0.0000000 1.0464005 1.1037875 1.6409374 2.1151701 2.5397077 1.7181753 1.4337797 1.6832000 1.3626802 2.2468357 
XP_001380867.1 1.0634386 1.0634386 1.0578565 1.0578565 1.0681954 1.0369055 1.2141853 1.2229741 1.1192375 1.1063910 1.0529151 1.0154361 0.9450499 1.0765919 1.0385604 1.0801279 1.1011505 1.0464005 0.0000000 1.3776438 2.0962958 2.2135433 2.4560694 1.9170323 1.7223608 2.1055597 1.6129766 2.3322586 
NP_001005127.1 1.1924111 1.1924111 1.1586439 1.1586439 1.1715112 1.2347550 1.3579577 1.3860486 1.2423957 1.2536069 1.3628231 1.3059638 1.2872622 1.2394589 1.1530211 1.0884863 1.0781590 1.1037875 1.3776438 0.0000000 2.0925583 2.0110983 2.2396016 1.8082500 1.4060315 1.8060766 1.3578615 2.2056447 
XP_005987291.1 1.8056736 1.8056736 1.8427101 1.8427101 1.8511707 1.9289455 2.3205396 2.1534615 1.9392264 1.8831303 1.9203331 1.8054157 1.6965022 1.8860868 1.6542431 1.6444645 1.6430491 1.6409374 2.0962958 2.0925583 0.0000000 2.1725218 2.4034171 1.9034114 1.6554294 1.9911258 1.7116670 2.5758716 
XP_004076021.1 2.2155539 2.2155539 2.2750394 2.2750394 2.2131730 2.2912524 2.4641772 2.2343763 2.0712052 2.2681364 2.3199152 2.3248967 2.1705476 2.3148573 2.1687951 2.1108461 2.1083652 2.1151701 2.2135433 2.0110983 2.1725218 0.0000000 0.6804587 1.1912848 1.1578444 2.2448743 1.8482007 2.3849954 
NP_001072100.1 2.5610423 2.5610423 2.5792271 2.5792271 2.5809799 2.5463653 2.6770059 2.4373454 2.2748645 2.3418823 2.5250872 2.5711007 2.3412855 2.5426066 2.4649966 2.3533075 2.3800393 2.5397077 2.4560694 2.2396016 2.4034171 0.6804587 0.0000000 1.4994575 1.4389042 2.3916278 2.1216877 2.6494109 
NP_571203.1    2.1198291 2.1198291 2.1037564 2.1037564 2.0972544 2.1688669 2.4295300 2.2878705 2.1037011 2.0571690 2.0735509 2.0681013 1.9730514 2.0923067 1.8585774 1.7413043 1.7134277 1.7181753 1.9170323 1.8082500 1.9034114 1.1912848 1.4994575 0.0000000 0.8245431 1.9258608 1.5156613 2.4454839 
XP_006642342.1 1.6849474 1.6849474 1.6893105 1.6893105 1.6798224 1.6981077 1.9221161 1.8202710 1.7052924 1.6371420 1.6951546 1.6327495 1.5867882 1.7230751 1.6174769 1.4385785 1.4459633 1.4337797 1.7223608 1.4060315 1.6554294 1.1578444 1.4389042 0.8245431 0.0000000 1.8605253 1.3942487 2.1235176 
XP_020389622.1 2.0826261 2.0826261 2.0656644 2.0656644 2.0309450 2.0052493 2.2998869 2.1519687 1.9779108 2.0635721 1.9562387 2.0074672 2.0268717 1.9657230 1.7828458 1.6853514 1.7000650 1.6832000 2.1055597 1.8060766 1.9911258 2.2448743 2.3916278 1.9258608 1.8605253 0.0000000 1.0628165 2.8284275 
XP_007905508.1 1.5207413 1.5207413 1.5260243 1.5260243 1.4863758 1.4882318 1.6441697 1.5280139 1.3972977 1.5556721 1.5371150 1.4198119 1.2892354 1.4908275 1.4393318 1.3553842 1.3719908 1.3626802 1.6129766 1.3578615 1.7116670 1.8482007 2.1216877 1.5156613 1.3942487 1.0628165 0.0000000 2.1257263 
GJQV01093856   2.2927622 2.2927622 2.3014291 2.3014291 2.2927622 2.4096324 2.3332340 2.1947845 2.2067567 2.0436454 2.5850417 2.4308216 2.3811918 2.2251204 2.0259283 2.1369663 2.1671682 2.2468357 2.3322586 2.2056447 2.5758716 2.3849954 2.6494109 2.4454839 2.1235176 2.8284275 2.1257263 0.0000000 
