"","Homo_sapiens","Macaca_mulatta","Papio_anubis","Mus_musculus","Rattus_norvegicus","Oryctolagus_cuniculus","Equus_caballus","Felis_catus","lupus_familiaris","Bos_taurus","Capra_hircus","Ovis_aries","Sus_scrofa","Monodelphis_domestica","Gallus_gallus","Meleagris_gallopavo","picta_bellii","Xenopus_tropicalis","Xenopus_laevis","Pongo_abelii","gorilla_gorilla","Pan_troglodytes"
"Homo_sapiens",0,0.041550197,0.0386425234,0.4189846756,0.4240589729,0.2747940811,0.2932417464,0.3274646395,0.3260187405,0.3185401843,0.2923576758,0.3067641449,0.3068524809,0.7572704098,1.8911643131,1.7611678264,1.5511068449,2.1257573111,5.5440889086,0.2749223653,0.0176617619,0.0088245114
"Macaca_mulatta",0.041550197,0,0.0029119596,0.4281156066,0.4331899039,0.2839250121,0.3023726774,0.3365955705,0.3351496715,0.3276711153,0.3014886068,0.3158950759,0.3159834119,0.7664013408,1.9002952441,1.7702987574,1.5602377759,2.1348882421,5.5532198396,0.3005594897,0.0474169041,0.0385839396
"Papio_anubis",0.0386425234,0.0029119596,0,0.425207933,0.4302822303,0.2810173385,0.2994650038,0.3336878969,0.3322419979,0.3247634417,0.2985809332,0.3129874023,0.3130757383,0.7634936672,1.8973875705,1.7673910838,1.5573301023,2.1319805685,5.550312166,0.2976518161,0.0445092305,0.035676266
"Mus_musculus",0.4189846756,0.4281156066,0.425207933,0,0.1060823267,0.4473944079,0.5113893136,0.5456122067,0.5441663077,0.5366877515,0.510505243,0.5249117121,0.5250000481,0.975417977,2.1093118803,1.9793153936,1.7692544121,2.3439048783,5.7622364758,0.6779939683,0.4248513827,0.4160184182
"Rattus_norvegicus",0.4240589729,0.4331899039,0.4302822303,0.1060823267,0,0.4524687052,0.5164636109,0.550686504,0.549240605,0.5417620488,0.5155795403,0.5299860094,0.5300743454,0.9804922743,2.1143861776,1.9843896909,1.7743287094,2.3489791756,5.7673107731,0.6830682656,0.42992568,0.4210927155
"Oryctolagus_cuniculus",0.2747940811,0.2839250121,0.2810173385,0.4473944079,0.4524687052,0,0.3671987191,0.4014216122,0.3999757132,0.392497157,0.3663146485,0.3807211176,0.3808094536,0.8312273825,1.9651212858,1.8351247991,1.6250638176,2.1997142838,5.6180458813,0.5338033738,0.2806607882,0.2718278237
"Equus_caballus",0.2932417464,0.3023726774,0.2994650038,0.5113893136,0.5164636109,0.3671987191,0,0.2764578847,0.2750119857,0.2833199547,0.2571374462,0.2715439153,0.2716322513,0.7635450888,1.8974389921,1.7674425054,1.5573815239,2.1320319901,5.5503635876,0.5522510391,0.2991084535,0.290275489
"Felis_catus",0.3274646395,0.3365955705,0.3336878969,0.5456122067,0.550686504,0.4014216122,0.2764578847,0,0.1949470118,0.3175428478,0.2913603393,0.3057668084,0.3058551444,0.7977679819,1.9316618852,1.8016653985,1.591604417,2.1662548832,5.5845864807,0.5864739322,0.3333313466,0.3244983821
"lupus_familiaris",0.3260187405,0.3351496715,0.3322419979,0.5441663077,0.549240605,0.3999757132,0.2750119857,0.1949470118,0,0.3160969488,0.2899144403,0.3043209094,0.3044092454,0.7963220829,1.9302159862,1.8002194995,1.590158518,2.1648089842,5.5831405817,0.5850280332,0.3318854476,0.3230524831
"Bos_taurus",0.3185401843,0.3276711153,0.3247634417,0.5366877515,0.5417620488,0.392497157,0.2833199547,0.3175428478,0.3160969488,0,0.0442188065,0.0586252756,0.2441240374,0.7888435267,1.92273743,1.7927409433,1.5826799618,2.157330428,5.5756620255,0.577549477,0.3244068914,0.3155739269
"Capra_hircus",0.2923576758,0.3014886068,0.2985809332,0.510505243,0.5155795403,0.3663146485,0.2571374462,0.2913603393,0.2899144403,0.0442188065,0,0.0144107551,0.2179415289,0.7626610182,1.8965549215,1.7665584348,1.5564974533,2.1311479195,5.549479517,0.5513669685,0.2982243829,0.2893914184
"Ovis_aries",0.3067641449,0.3158950759,0.3129874023,0.5249117121,0.5299860094,0.3807211176,0.2715439153,0.3057668084,0.3043209094,0.0586252756,0.0144107551,0,0.232347998,0.7770674873,1.9109613906,1.7809649039,1.5709039224,2.1455543886,5.5638859861,0.5657734376,0.312630852,0.3037978875
"Sus_scrofa",0.3068524809,0.3159834119,0.3130757383,0.5250000481,0.5300743454,0.3808094536,0.2716322513,0.3058551444,0.3044092454,0.2441240374,0.2179415289,0.232347998,0,0.7771558233,1.9110497266,1.7810532399,1.5709922584,2.1456427246,5.5639743221,0.5658617736,0.312719188,0.3038862235
"Monodelphis_domestica",0.7572704098,0.7664013408,0.7634936672,0.975417977,0.9804922743,0.8312273825,0.7635450888,0.7977679819,0.7963220829,0.7888435267,0.7626610182,0.7770674873,0.7771558233,0,2.0009322973,1.8709358106,1.6608748291,2.2355252953,5.653862549,1.0162797025,0.7631371169,0.7543041524
"Gallus_gallus",1.8911643131,1.9002952441,1.8973875705,2.1093118803,2.1143861776,1.9651212858,1.8974389921,1.9316618852,1.9302159862,1.92273743,1.8965549215,1.9109613906,1.9110497266,2.0009322973,0,0.1300011331,0.6652434534,1.5194343248,6.7877564523,2.1501736058,1.8970310202,1.8881980557
"Meleagris_gallopavo",1.7611678264,1.7702987574,1.7673910838,1.9793153936,1.9843896909,1.8351247991,1.7674425054,1.8016653985,1.8002194995,1.7927409433,1.7665584348,1.7809649039,1.7810532399,1.8709358106,0.1300011331,0,0.5352469667,1.3894378381,6.6577599656,2.0201771191,1.7670345335,1.758201569
"picta_bellii",1.5511068449,1.5602377759,1.5573301023,1.7692544121,1.7743287094,1.6250638176,1.5573815239,1.591604417,1.590158518,1.5826799618,1.5564974533,1.5709039224,1.5709922584,1.6608748291,0.6652434534,0.5352469667,0,1.1793768566,6.4476989841,1.8101161376,1.556973552,1.5481405875
"Xenopus_tropicalis",2.1257573111,2.1348882421,2.1319805685,2.3439048783,2.3489791756,2.1997142838,2.1320319901,2.1662548832,2.1648089842,2.157330428,2.1311479195,2.1455543886,2.1456427246,2.2355252953,1.5194343248,1.3894378381,1.1793768566,0,7.0223494503,2.3847666038,2.1316240182,2.1227910537
"Xenopus_laevis",5.5440889086,5.5532198396,5.550312166,5.7622364758,5.7673107731,5.6180458813,5.5503635876,5.5845864807,5.5831405817,5.5756620255,5.549479517,5.5638859861,5.5639743221,5.653862549,6.7877564523,6.6577599656,6.4476989841,7.0223494503,0,5.8030982013,5.5499556157,5.5411226512
"Pongo_abelii",0.2749223653,0.3005594897,0.2976518161,0.6779939683,0.6830682656,0.5338033738,0.5522510391,0.5864739322,0.5850280332,0.577549477,0.5513669685,0.5657734376,0.5658617736,1.0162797025,2.1501736058,2.0201771191,1.8101161376,2.3847666038,5.8030982013,0,0.2807890724,0.2719561079
"gorilla_gorilla",0.0176617619,0.0474169041,0.0445092305,0.4248513827,0.42992568,0.2806607882,0.2991084535,0.3333313466,0.3318854476,0.3244068914,0.2982243829,0.312630852,0.312719188,0.7631371169,1.8970310202,1.7670345335,1.556973552,2.1316240182,5.5499556157,0.2807890724,0,0.0146955045
"Pan_troglodytes",0.0088245114,0.0385839396,0.035676266,0.4160184182,0.4210927155,0.2718278237,0.290275489,0.3244983821,0.3230524831,0.3155739269,0.2893914184,0.3037978875,0.3038862235,0.7543041524,1.8881980557,1.758201569,1.5481405875,2.1227910537,5.5411226512,0.2719561079,0.0146955045,0
