22
NP_000474.2    0.0000000 0.0100257 0.0201745 0.0945116 0.1297406 0.1405549 0.4758466 0.4927373 0.4003933 0.5243367 0.3997462 0.4630521 0.5975773 0.5655131 0.4869630 0.4565459 1.1986947 1.0523814 1.6254067 2.0169799 2.0691218 2.7298563 
NP_001230828.1 0.0100257 0.0000000 0.0100196 0.0966277 0.1298190 0.1435682 0.4682504 0.4848858 0.3938398 0.5164804 0.3931894 0.4464414 0.5878287 0.5531642 0.4791192 0.4494987 1.1962801 1.0523814 1.6254067 2.0047503 2.0489664 2.6657233 
XP_018870627.1 0.0201745 0.0100196 0.0000000 0.1080330 0.1415921 0.1556349 0.4852420 0.5021796 0.4097805 0.5346131 0.3979581 0.4498599 0.6077399 0.5344192 0.4832009 0.4664713 1.2315927 1.0570014 1.6783033 2.0197351 2.0579228 2.6657233 
XP_009231041.1 0.0945116 0.0966277 0.1080330 0.0000000 0.0960763 0.0958756 0.4278954 0.4440992 0.3547697 0.4695342 0.4326765 0.4459475 0.6009520 0.5238584 0.4438945 0.4366433 1.2328530 1.0826737 1.6695135 2.0526658 2.1111972 2.7544883 
XP_009196973.1 0.1297406 0.1298190 0.1415921 0.0960763 0.0000000 0.0205425 0.3891643 0.4046410 0.3187671 0.4583551 0.4245533 0.4238167 0.5309416 0.4947646 0.4077708 0.3746410 1.0785106 0.9749665 1.6181429 1.9775512 2.0788110 2.6066843 
XP_002801531.1 0.1405549 0.1435682 0.1556349 0.0958756 0.0205425 0.0000000 0.3903811 0.4058693 0.3359212 0.4553701 0.4258292 0.4446501 0.5322434 0.4953952 0.4059504 0.3722598 1.0994951 0.9485094 1.6632718 1.9503574 2.0989428 2.6693139 
XP_004015363.1 0.4758466 0.4682504 0.4852420 0.4278954 0.3891643 0.3903811 0.0000000 0.0099188 0.0715932 0.2994819 0.4019656 0.3945740 0.4636522 0.6789631 0.5549310 0.4752430 1.1768667 1.0231266 1.9476507 1.9158519 1.9090200 3.0326521 
XP_005701831.1 0.4927373 0.4848858 0.5021796 0.4440992 0.4046410 0.4058693 0.0099188 0.0000000 0.0823256 0.3139822 0.4178455 0.4103823 0.4803874 0.6868667 0.5743351 0.4925834 1.1720966 1.0444700 2.0045981 1.9587311 1.9516261 2.9216426 
NP_001095850.1 0.4003933 0.3938398 0.4097805 0.3547697 0.3187671 0.3359212 0.0715932 0.0823256 0.0000000 0.3215477 0.3970984 0.3975352 0.4958495 0.6568485 0.5422677 0.4392551 1.2726947 0.9880598 1.7958672 1.9680780 1.9638704 2.7699975 
XP_005653336.1 0.5243367 0.5164804 0.5346131 0.4695342 0.4583551 0.4553701 0.2994819 0.3139822 0.3215477 0.0000000 0.3830188 0.4656481 0.4698286 0.5865490 0.4778837 0.4203922 1.1978238 0.9076301 1.7095650 2.2186884 2.1753626 2.9118198 
XP_001502426.1 0.3997462 0.3931894 0.3979581 0.4326765 0.4245533 0.4258292 0.4019656 0.4178455 0.3970984 0.3830188 0.0000000 0.3269778 0.4427953 0.5065996 0.4436830 0.3754183 1.3236968 0.9880662 1.8923358 2.0675542 2.1780972 3.1613537 
NP_001003368.1 0.4630521 0.4464414 0.4498599 0.4459475 0.4238167 0.4446501 0.3945740 0.4103823 0.3975352 0.4656481 0.3269778 0.0000000 0.3991249 0.5471178 0.5192142 0.5118256 1.3368890 1.0583225 1.8338063 2.0901220 2.1326796 3.0215536 
XP_003997697.1 0.5975773 0.5878287 0.6077399 0.6009520 0.5309416 0.5322434 0.4636522 0.4803874 0.4958495 0.4698286 0.4427953 0.3991249 0.0000000 0.7519376 0.6747003 0.5498310 1.3031635 0.9946667 1.9855768 2.1288036 2.6012455 3.1725279 
NP_001264873.1 0.5655131 0.5531642 0.5344192 0.5238584 0.4947646 0.4953952 0.6789631 0.6868667 0.6568485 0.5865490 0.5065996 0.5471178 0.7519376 0.0000000 0.2600759 0.5537776 1.4739530 1.0518222 2.1054455 2.1203050 2.1789878 3.0212387 
NP_001078821.1 0.4869630 0.4791192 0.4832009 0.4438945 0.4077708 0.4059504 0.5549310 0.5743351 0.5422677 0.4778837 0.4436830 0.5192142 0.6747003 0.2600759 0.0000000 0.4050772 1.2558377 0.9778885 2.1012839 2.2499074 2.1971262 2.8073504 
XP_008250476.1 0.4565459 0.4494987 0.4664713 0.4366433 0.3746410 0.3722598 0.4752430 0.4925834 0.4392551 0.4203922 0.3754183 0.5118256 0.5498310 0.5537776 0.4050772 0.0000000 1.1653862 0.9864338 1.6250051 1.9742963 2.1454830 3.0684790 
XP_007491646.1 1.1986947 1.1962801 1.2315927 1.2328530 1.0785106 1.0994951 1.1768667 1.1720966 1.2726947 1.1978238 1.3236968 1.3368890 1.3031635 1.4739530 1.2558377 1.1653862 0.0000000 1.3227650 2.1592398 2.7334524 2.9293577 3.6513417 
XP_007659067.1 1.0523814 1.0523814 1.0570014 1.0826737 0.9749665 0.9485094 1.0231266 1.0444700 0.9880598 0.9076301 0.9880662 1.0583225 0.9946667 1.0518222 0.9778885 0.9864338 1.3227650 0.0000000 1.4588718 1.6937438 1.9761282 2.7132615 
XP_004920591.1 1.6254067 1.6254067 1.6783033 1.6695135 1.6181429 1.6632718 1.9476507 2.0045981 1.7958672 1.7095650 1.8923358 1.8338063 1.9855768 2.1054455 2.1012839 1.6250051 2.1592398 1.4588718 0.0000000 1.5723986 1.6085521 2.3324357 
NP_001027890.1 2.0169799 2.0047503 2.0197351 2.0526658 1.9775512 1.9503574 1.9158519 1.9587311 1.9680780 2.2186884 2.0675542 2.0901220 2.1288036 2.1203050 2.2499074 1.9742963 2.7334524 1.6937438 1.5723986 0.0000000 0.6216360 3.3811343 
XP_691110.1    2.0691218 2.0489664 2.0579228 2.1111972 2.0788110 2.0989428 1.9090200 1.9516261 1.9638704 2.1753626 2.1780972 2.1326796 2.6012455 2.1789878 2.1971262 2.1454830 2.9293577 1.9761282 1.6085521 0.6216360 0.0000000 3.2979497 
GJQV01093856   2.7298563 2.6657233 2.6657233 2.7544883 2.6066843 2.6693139 3.0326521 2.9216426 2.7699975 2.9118198 3.1613537 3.0215536 3.1725279 3.0212387 2.8073504 3.0684790 3.6513417 2.7132615 2.3324357 3.3811343 3.2979497 0.0000000 
