17
NP_001637.1    0.0000000 0.0433876 0.0531481 0.1713277 0.1513307 0.0709744 0.6356091 0.6463735 0.6413199 0.7023211 0.6598984 0.6118449 0.7170750 1.0302513 0.6913182 0.6516689 2.4227424 
XP_004060989.2 0.0433876 0.0000000 0.0437711 0.1597743 0.1401068 0.0613666 0.6132742 0.6180244 0.6035140 0.7126255 0.6556211 0.6067326 0.6433164 0.9786136 0.6897441 0.6503739 2.3942828 
XP_003316494.1 0.0531481 0.0437711 0.0000000 0.1504489 0.1308322 0.0526098 0.5920100 0.6137702 0.6125537 0.6901587 0.6804099 0.6099317 0.6690893 0.9529360 0.6787821 0.6393293 2.4819771 
NP_001182066.1 0.1713277 0.1597743 0.1504489 0.0000000 0.0342605 0.1379265 0.6619892 0.6651960 0.6370359 0.7577747 0.7419167 0.6631189 0.6984697 1.0225719 0.7273637 0.7338924 2.7588267 
XP_009196974.1 0.1513307 0.1401068 0.1308322 0.0342605 0.0000000 0.1188063 0.6180692 0.6364118 0.6418512 0.7383885 0.6939274 0.6455465 0.6559483 1.0102146 0.6800362 0.6856137 2.7103017 
XP_002829428.1 0.0709744 0.0613666 0.0526098 0.1379265 0.1188063 0.0000000 0.5671716 0.5980281 0.5758046 0.6506085 0.6120511 0.5659789 0.6307453 0.9558447 0.6634226 0.6249074 2.4393103 
XP_001502417.1 0.6356091 0.6132742 0.5920100 0.6619892 0.6180692 0.5671716 0.0000000 0.5553590 0.4721530 0.5162077 0.4321201 0.4587770 0.5733611 0.7720928 0.5757150 0.5924809 2.7533630 
NP_001167603.1 0.6463735 0.6180244 0.6137702 0.6651960 0.6364118 0.5980281 0.5553590 0.0000000 0.4036047 0.4671706 0.4859451 0.4134970 0.5322677 0.7860297 0.6672080 0.6253798 2.8896073 
XP_855163.1    0.6413199 0.6035140 0.6125537 0.6370359 0.6418512 0.5758046 0.4721530 0.4036047 0.0000000 0.4984205 0.5369468 0.4367085 0.5604712 0.6473435 0.6355101 0.5764671 2.6551274 
XP_004015362.1 0.7023211 0.7126255 0.6901587 0.7577747 0.7383885 0.6506085 0.5162077 0.4671706 0.4984205 0.0000000 0.0920543 0.0889277 0.6540620 0.7606087 0.7124040 0.6600567 2.4606240 
XP_005701836.1 0.6598984 0.6556211 0.6804099 0.7419167 0.6939274 0.6120511 0.4321201 0.4859451 0.5369468 0.0920543 0.0000000 0.0904779 0.6928797 0.8787856 0.6673077 0.6317520 2.7220197 
NP_001029979.1 0.6118449 0.6067326 0.6099317 0.6631189 0.6455465 0.5659789 0.4587770 0.4134970 0.4367085 0.0889277 0.0904779 0.0000000 0.5908952 0.7491071 0.6553177 0.5877347 2.5928324 
NP_001075834.1 0.7170750 0.6433164 0.6690893 0.6984697 0.6559483 0.6307453 0.5733611 0.5322677 0.5604712 0.6540620 0.6928797 0.5908952 0.0000000 0.8140083 0.5958838 0.5552113 3.2820625 
XP_006941182.1 1.0302513 0.9786136 0.9529360 1.0225719 1.0102146 0.9558447 0.7720928 0.7860297 0.6473435 0.7606087 0.8787856 0.7491071 0.8140083 0.0000000 0.8058211 0.7622724 2.9323063 
NP_031411.1    0.6913182 0.6897441 0.6787821 0.7273637 0.6800362 0.6634226 0.5757150 0.6672080 0.6355101 0.7124040 0.6673077 0.6553177 0.5958838 0.8058211 0.0000000 0.1549317 2.8029242 
NP_001102889.1 0.6516689 0.6503739 0.6393293 0.7338924 0.6856137 0.6249074 0.5924809 0.6253798 0.5764671 0.6600567 0.6317520 0.5877347 0.5552113 0.7622724 0.1549317 0.0000000 2.5450748 
GJQV01093856   2.4227424 2.3942828 2.4819771 2.7588267 2.7103017 2.4393103 2.7533630 2.8896073 2.6551274 2.4606240 2.7220197 2.5928324 3.2820625 2.9323063 2.8029242 2.5450748 0.0000000 
