"","Homo_sapiens","gorilla_gorilla","Pan_troglodytes","Macaca_mulatta","Papio_anubis","Equus_caballus","Sus_scrofa","lupus_familiaris","Felis_catus","Ovis_aries","Capra_hircus","Bos_taurus","Oryctolagus_cuniculus","Mus_musculus","Rattus_norvegicus","Xenopus_laevis","Pongo_abelii"
"Homo_sapiens",0,0.0437345899,0.0528033325,0.1685201362,0.1509679868,0.6705336819,0.8327007759,0.7948392666,1.0555151655,0.7156455685,0.7041151247,0.6754836076,0.685255468,0.6874987047,0.6727234079,2.4754545874,0.0707264238
"gorilla_gorilla",0.0437345899,0,0.0438181192,0.1595349229,0.1419827735,0.6615484686,0.8237155626,0.7858540533,1.0465299522,0.7066603552,0.6951299114,0.6664983943,0.6762702547,0.6785134914,0.6637381946,2.4664693741,0.0617412105
"Pan_troglodytes",0.0528033325,0.0438181192,0,0.1509891111,0.1334369617,0.6530026568,0.8151697508,0.7773082415,1.0379841404,0.6981145434,0.6865840996,0.6579525825,0.6677244429,0.6699676796,0.6551923828,2.4579235623,0.0531953987
"Macaca_mulatta",0.1685201362,0.1595349229,0.1509891111,0,0.0347864318,0.7211565177,0.8833236117,0.8454621024,1.1061380013,0.7662684043,0.7547379605,0.7261064434,0.7358783038,0.7381215405,0.7233462437,2.5260774232,0.1398538282
"Papio_anubis",0.1509679868,0.1419827735,0.1334369617,0.0347864318,0,0.7036043683,0.8657714623,0.827909953,1.0885858519,0.7487162549,0.7371858111,0.708554294,0.7183261544,0.7205693911,0.7057940943,2.5085252738,0.1223016788
"Equus_caballus",0.6705336819,0.6615484686,0.6530026568,0.7211565177,0.7036043683,0,0.6191541778,0.5812926685,0.8419685674,0.5020989704,0.4905685266,0.4619370095,0.6177697029,0.676813208,0.6620379112,3.0043027913,0.6418673739
"Sus_scrofa",0.8327007759,0.8237155626,0.8151697508,0.8833236117,0.8657714623,0.6191541778,0,0.4137130569,0.7960859508,0.5406296728,0.529099229,0.5004677119,0.7799367969,0.838980302,0.8242050052,3.1664698853,0.8040344679
"lupus_familiaris",0.7948392666,0.7858540533,0.7773082415,0.8454621024,0.827909953,0.5812926685,0.4137130569,0,0.7582244415,0.5027681635,0.4912377197,0.4626062026,0.7420752876,0.8011187927,0.7863434959,3.128608376,0.7661729586
"Felis_catus",1.0555151655,1.0465299522,1.0379841404,1.1061380013,1.0885858519,0.8419685674,0.7960859508,0.7582244415,0,0.7634440624,0.7519136186,0.7232821015,1.0027511865,1.0617946916,1.0470193948,3.3892842749,1.0268488575
"Ovis_aries",0.7156455685,0.7066603552,0.6981145434,0.7662684043,0.7487162549,0.5020989704,0.5406296728,0.5027681635,0.7634440624,0,0.0768980698,0.0877353295,0.6628815895,0.7219250946,0.7071497978,3.0494146779,0.6869792605
"Capra_hircus",0.7041151247,0.6951299114,0.6865840996,0.7547379605,0.7371858111,0.4905685266,0.529099229,0.4912377197,0.7519136186,0.0768980698,0,0.0762048857,0.6513511457,0.7103946508,0.695619354,3.0378842341,0.6754488167
"Bos_taurus",0.6754836076,0.6664983943,0.6579525825,0.7261064434,0.708554294,0.4619370095,0.5004677119,0.4626062026,0.7232821015,0.0877353295,0.0762048857,0,0.6227196286,0.6817631337,0.6669878369,3.009252717,0.6468172996
"Oryctolagus_cuniculus",0.685255468,0.6762702547,0.6677244429,0.7358783038,0.7183261544,0.6177697029,0.7799367969,0.7420752876,1.0027511865,0.6628815895,0.6513511457,0.6227196286,0,0.6915349941,0.6767596973,3.0190245774,0.65658916
"Mus_musculus",0.6874987047,0.6785134914,0.6699676796,0.7381215405,0.7205693911,0.676813208,0.838980302,0.8011187927,1.0617946916,0.7219250946,0.7103946508,0.6817631337,0.6915349941,0,0.1568625806,3.0212678141,0.6588323967
"Rattus_norvegicus",0.6727234079,0.6637381946,0.6551923828,0.7233462437,0.7057940943,0.6620379112,0.8242050052,0.7863434959,1.0470193948,0.7071497978,0.695619354,0.6669878369,0.6767596973,0.1568625806,0,3.0064925173,0.6440570999
"Xenopus_laevis",2.4754545874,2.4664693741,2.4579235623,2.5260774232,2.5085252738,3.0043027913,3.1664698853,3.128608376,3.3892842749,3.0494146779,3.0378842341,3.009252717,3.0190245774,3.0212678141,3.0064925173,0,2.4467882794
"Pongo_abelii",0.0707264238,0.0617412105,0.0531953987,0.1398538282,0.1223016788,0.6418673739,0.8040344679,0.7661729586,1.0268488575,0.6869792605,0.6754488167,0.6468172996,0.65658916,0.6588323967,0.6440570999,2.4467882794,0
