"","Homo_sapiens","Pan_troglodytes","gorilla_gorilla","Pongo_abelii","Papio_anubis","Macaca_mulatta","Capra_hircus","Ovis_aries","Bos_taurus","Sus_scrofa","lupus_familiaris","Felis_catus","Equus_caballus","Rattus_norvegicus","Mus_musculus","Monodelphis_domestica","Ornithorhynchus_anatinus","Latimeria_chalumnae","Lepisosteus_oculatus","Oryzias_latipes","Takifugu_rubripes","Danio_rerio","Anolis_carolinensis","Xenopus_tropicalis","picta_bellii","Xenopus_laevis","Oryctolagus_cuniculus"
"Homo_sapiens",0,0.0302915963,0.0286156692,0.0559026583,0.0660524943,0.0784638196,0.4994056435,0.5163290322,0.4967750608,0.4984529005,0.5831068068,0.4436643705,0.5176739025,0.492237742,0.4579290414,1.2649675522,1.536019699,2.8196929705,2.9093508488,3.7846182582,3.6596506203,3.1240970876,4.2532543636,2.8349575217,2.1415458601,2.9738334556,0.3629561984
"Pan_troglodytes",0.0302915963,0,0.0113858165,0.0520913864,0.0622412224,0.0746525477,0.4955943716,0.5125177603,0.4929637889,0.4946416286,0.5792955349,0.4398530986,0.5138626306,0.4884264701,0.4541177695,1.2611562803,1.5322084271,2.8158816986,2.9055395769,3.7808069863,3.6558393484,3.1202858157,4.2494430917,2.8311462498,2.1377345882,2.9700221837,0.3591449265
"gorilla_gorilla",0.0286156692,0.0113858165,0,0.0504154593,0.0605652953,0.0729766206,0.4939184445,0.5108418332,0.4912878618,0.4929657015,0.5776196078,0.4381771715,0.5121867035,0.486750543,0.4524418424,1.2594803532,1.5305325,2.8142057715,2.9038636498,3.7791310592,3.6541634213,3.1186098886,4.2477671646,2.8294703227,2.1360586611,2.9683462566,0.3574689994
"Pongo_abelii",0.0559026583,0.0520913864,0.0504154593,0,0.0809498344,0.0933611597,0.5143029836,0.5312263723,0.5116724009,0.5133502406,0.5980041469,0.4585617106,0.5325712426,0.5071350821,0.4728263815,1.2798648923,1.5509170391,2.8345903106,2.9242481889,3.7995155983,3.6745479604,3.1389944277,4.2681517037,2.8498548618,2.1564432002,2.9887307957,0.3778535385
"Papio_anubis",0.0660524943,0.0622412224,0.0605652953,0.0809498344,0,0.0204536281,0.4937562674,0.5106796561,0.4911256847,0.4928035244,0.5774574307,0.4380149944,0.5120245264,0.4865883659,0.4522796653,1.2593181761,1.5303703229,2.8140435944,2.9037014727,3.7789688821,3.6540012442,3.1184477115,4.2476049875,2.8293081456,2.135896484,2.9681840795,0.3573068223
"Macaca_mulatta",0.0784638196,0.0746525477,0.0729766206,0.0933611597,0.0204536281,0,0.5061675927,0.5230909814,0.50353701,0.5052148497,0.589868756,0.4504263197,0.5244358517,0.4989996912,0.4646909906,1.2717295014,1.5427816482,2.8264549197,2.916112798,3.7913802074,3.6664125695,3.1308590368,4.2600163128,2.8417194709,2.1483078093,2.9805954048,0.3697181476
"Capra_hircus",0.4994056435,0.4955943716,0.4939184445,0.5143029836,0.4937562674,0.5061675927,0,0.0312685875,0.0932062735,0.4378587638,0.6233382057,0.4838957694,0.5579053014,0.6352876323,0.6009789317,1.4080174425,1.6790695893,2.9627428608,3.0524007391,3.9276681485,3.8027005106,3.2671469779,4.3963042539,2.978007412,2.2845957504,3.1168833459,0.5625269821
"Ovis_aries",0.5163290322,0.5125177603,0.5108418332,0.5312263723,0.5106796561,0.5230909814,0.0312685875,0,0.1101296622,0.4547821525,0.6402615944,0.5008191581,0.5748286901,0.652211021,0.6179023204,1.4249408312,1.695992978,2.9796662495,3.0693241278,3.9445915372,3.8196238993,3.2840703666,4.4132276426,2.9949308007,2.3015191391,3.1338067346,0.5794503708
"Bos_taurus",0.4967750608,0.4929637889,0.4912878618,0.5116724009,0.4911256847,0.50353701,0.0932062735,0.1101296622,0,0.4352281811,0.620707623,0.4812651867,0.5552747187,0.6326570496,0.598348349,1.4053868598,1.6764390066,2.9601122781,3.0497701564,3.9250375658,3.8000699279,3.2645163952,4.3936736712,2.9753768293,2.2819651677,3.1142527632,0.5598963994
"Sus_scrofa",0.4984529005,0.4946416286,0.4929657015,0.5133502406,0.4928035244,0.5052148497,0.4378587638,0.4547821525,0.4352281811,0,0.6223854627,0.4829430264,0.5569525584,0.6343348893,0.6000261887,1.4070646995,1.6781168463,2.9617901178,3.0514479961,3.9267154055,3.8017477676,3.2661942349,4.3953515109,2.977054669,2.2836430074,3.1159306029,0.5615742391
"lupus_familiaris",0.5831068068,0.5792955349,0.5776196078,0.5980041469,0.5774574307,0.589868756,0.6233382057,0.6402615944,0.620707623,0.6223854627,0,0.2452157605,0.5515892551,0.7189887956,0.684680095,1.4917186058,1.7627707526,3.0464440241,3.1361019024,4.0113693118,3.8864016739,3.3508481412,4.4800054172,3.0617085753,2.3682969137,3.2005845092,0.6462281454
"Felis_catus",0.4436643705,0.4398530986,0.4381771715,0.4585617106,0.4380149944,0.4504263197,0.4838957694,0.5008191581,0.4812651867,0.4829430264,0.2452157605,0,0.4121468188,0.5795463593,0.5452376587,1.3522761695,1.6233283163,2.9070015878,2.9966594661,3.8719268755,3.7469592376,3.2114057049,4.3405629809,2.922266139,2.2288544774,3.0611420729,0.5067857091
"Equus_caballus",0.5176739025,0.5138626306,0.5121867035,0.5325712426,0.5120245264,0.5244358517,0.5579053014,0.5748286901,0.5552747187,0.5569525584,0.5515892551,0.4121468188,0,0.6535558913,0.6192471907,1.4262857015,1.6973378483,2.9810111198,3.0706689981,3.9459364075,3.8209687696,3.2854152369,4.4145725129,2.996275671,2.3028640094,3.1351516049,0.5807952411
"Rattus_norvegicus",0.492237742,0.4884264701,0.486750543,0.5071350821,0.4865883659,0.4989996912,0.6352876323,0.652211021,0.6326570496,0.6343348893,0.7189887956,0.5795463593,0.6535558913,0,0.0911747536,1.2107283638,1.4817805106,2.7654537821,2.8551116604,3.7303790698,3.6054114319,3.0698578992,4.1990151752,2.7807183333,2.0873066717,2.9195942672,0.5553590806
"Mus_musculus",0.4579290414,0.4541177695,0.4524418424,0.4728263815,0.4522796653,0.4646909906,0.6009789317,0.6179023204,0.598348349,0.6000261887,0.684680095,0.5452376587,0.6192471907,0.0911747536,0,1.1764196632,1.44747181,2.7311450815,2.8208029598,3.6960703692,3.5711027313,3.0355491986,4.1647064746,2.7464096327,2.0529979711,2.8852855666,0.52105038
"Monodelphis_domestica",1.2649675522,1.2611562803,1.2594803532,1.2798648923,1.2593181761,1.2717295014,1.4080174425,1.4249408312,1.4053868598,1.4070646995,1.4917186058,1.3522761695,1.4262857015,1.2107283638,1.1764196632,0,1.6537737376,2.9374470091,3.0271048874,3.9023722968,3.7774046589,3.2418511262,4.3710084022,2.9527115603,2.2592998987,3.0915874942,1.3280888908
"Ornithorhynchus_anatinus",1.536019699,1.5322084271,1.5305325,1.5509170391,1.5303703229,1.5427816482,1.6790695893,1.695992978,1.6764390066,1.6781168463,1.7627707526,1.6233283163,1.6973378483,1.4817805106,1.44747181,1.6537737376,0,2.5580758943,2.6477337726,3.523001182,3.3980335441,2.8624800114,3.9916372874,2.5733404455,1.8799287839,2.7122163794,1.5991410376
"Latimeria_chalumnae",2.8196929705,2.8158816986,2.8142057715,2.8345903106,2.8140435944,2.8264549197,2.9627428608,2.9796662495,2.9601122781,2.9617901178,3.0464440241,2.9070015878,2.9810111198,2.7654537821,2.7311450815,2.9374470091,2.5580758943,0,1.2841883121,2.1594557215,2.0344880836,1.4989345509,2.6280918269,1.6549808862,1.3217555658,3.8881201599,2.8828143091
"Lepisosteus_oculatus",2.9093508488,2.9055395769,2.9038636498,2.9242481889,2.9037014727,2.916112798,3.0524007391,3.0693241278,3.0497701564,3.0514479961,3.1361019024,2.9966594661,3.0706689981,2.8551116604,2.8208029598,3.0271048874,2.6477337726,1.2841883121,0,1.8297938628,1.7048262249,1.1692726922,2.580366939,1.7446387645,1.4114134441,3.9777780382,2.9724721874
"Oryzias_latipes",3.7846182582,3.7808069863,3.7791310592,3.7995155983,3.7789688821,3.7913802074,3.9276681485,3.9445915372,3.9250375658,3.9267154055,4.0113693118,3.8719268755,3.9459364075,3.7303790698,3.6960703692,3.9023722968,3.523001182,2.1594557215,1.8297938628,0,0.9062936709,1.695163895,3.4556343484,2.6199061739,2.2866808535,4.8530454476,3.8477395968
"Takifugu_rubripes",3.6596506203,3.6558393484,3.6541634213,3.6745479604,3.6540012442,3.6664125695,3.8027005106,3.8196238993,3.8000699279,3.8017477676,3.8864016739,3.7469592376,3.8209687696,3.6054114319,3.5711027313,3.7774046589,3.3980335441,2.0344880836,1.7048262249,0.9062936709,0,1.5701962571,3.3306667105,2.494938536,2.1617132156,4.7280778097,3.7227719589
"Danio_rerio",3.1240970876,3.1202858157,3.1186098886,3.1389944277,3.1184477115,3.1308590368,3.2671469779,3.2840703666,3.2645163952,3.2661942349,3.3508481412,3.2114057049,3.2854152369,3.0698578992,3.0355491986,3.2418511262,2.8624800114,1.4989345509,1.1692726922,1.695163895,1.5701962571,0,2.7951131778,1.9593850033,1.6261596829,4.192524277,3.1872184262
"Anolis_carolinensis",4.2532543636,4.2494430917,4.2477671646,4.2681517037,4.2476049875,4.2600163128,4.3963042539,4.4132276426,4.3936736712,4.3953515109,4.4800054172,4.3405629809,4.4145725129,4.1990151752,4.1647064746,4.3710084022,3.9916372874,2.6280918269,2.580366939,3.4556343484,3.3306667105,2.7951131778,0,3.0885422793,2.7553169589,5.321681553,4.3163757022
"Xenopus_tropicalis",2.8349575217,2.8311462498,2.8294703227,2.8498548618,2.8293081456,2.8417194709,2.978007412,2.9949308007,2.9753768293,2.977054669,3.0617085753,2.922266139,2.996275671,2.7807183333,2.7464096327,2.9527115603,2.5733404455,1.6549808862,1.7446387645,2.6199061739,2.494938536,1.9593850033,3.0885422793,0,1.337020117,3.9033847111,2.8980788603
"picta_bellii",2.1415458601,2.1377345882,2.1360586611,2.1564432002,2.135896484,2.1483078093,2.2845957504,2.3015191391,2.2819651677,2.2836430074,2.3682969137,2.2288544774,2.3028640094,2.0873066717,2.0529979711,2.2592998987,1.8799287839,1.3217555658,1.4114134441,2.2866808535,2.1617132156,1.6261596829,2.7553169589,1.337020117,0,3.2099730495,2.2046671987
"Xenopus_laevis",2.9738334556,2.9700221837,2.9683462566,2.9887307957,2.9681840795,2.9805954048,3.1168833459,3.1338067346,3.1142527632,3.1159306029,3.2005845092,3.0611420729,3.1351516049,2.9195942672,2.8852855666,3.0915874942,2.7122163794,3.8881201599,3.9777780382,4.8530454476,4.7280778097,4.192524277,5.321681553,3.9033847111,3.2099730495,0,3.0369547942
"Oryctolagus_cuniculus",0.3629561984,0.3591449265,0.3574689994,0.3778535385,0.3573068223,0.3697181476,0.5625269821,0.5794503708,0.5598963994,0.5615742391,0.6462281454,0.5067857091,0.5807952411,0.5553590806,0.52105038,1.3280888908,1.5991410376,2.8828143091,2.9724721874,3.8477395968,3.7227719589,3.1872184262,4.3163757022,2.8980788603,2.2046671987,3.0369547942,0
