27
NP_000032.1    0.0000000 0.0295341 0.0560980 0.0335848 0.0645771 0.0837617 0.4336672 0.4185824 0.4085205 0.4553201 0.3655654 0.3339761 0.4463192 0.4304633 0.4023176 0.3771825 1.0241928 1.3259679 2.0261193 1.6595602 2.2743294 1.6345771 2.4455627 2.2917777 2.2488459 3.1889257 2.1882565 
NP_001009007.1 0.0295341 0.0000000 0.0449655 0.0140241 0.0576138 0.0705939 0.4129114 0.3972196 0.4006840 0.4360495 0.3434296 0.3201801 0.4172174 0.4238500 0.3920965 0.3639662 1.0531962 1.2862781 1.9794434 1.6091842 2.2319424 1.5732367 2.4207508 2.2922037 2.1911470 3.1400332 2.1882565 
XP_002829426.1 0.0560980 0.0449655 0.0000000 0.0623421 0.0754028 0.0983919 0.4333301 0.4152897 0.4115754 0.4646627 0.3751521 0.3349736 0.4603780 0.4420751 0.3934946 0.3749864 1.0510758 1.2718731 2.0349464 1.6636304 2.2457802 1.6047493 2.4152173 2.2363862 2.2117299 3.0766582 2.4713289 
XP_004061033.1 0.0335848 0.0140241 0.0623421 0.0000000 0.0692760 0.0897908 0.3734709 0.3432773 0.3557280 0.3909569 0.3266444 0.3138855 0.3087460 0.4631727 0.3743554 0.3415851 1.0055214 1.2803944 1.7658524 1.3655106 1.8895211 1.5519280 2.1864965 2.1193234 1.8448575 2.9491596 2.1873224 
XP_003918648.1 0.0645771 0.0576138 0.0754028 0.0692760 0.0000000 0.0194579 0.4092724 0.3981340 0.3979195 0.4300384 0.3125704 0.3355292 0.3983426 0.4089350 0.3812480 0.3633818 1.0702791 1.2627820 2.0447133 1.6665438 2.2730922 1.6174912 2.4655432 2.3093792 2.2247411 3.3119453 2.2373876 
XP_001104482.2 0.0837617 0.0705939 0.0983919 0.0897908 0.0194579 0.0000000 0.4356315 0.4301327 0.4200159 0.4596801 0.3215300 0.3615830 0.3905947 0.4294296 0.3844656 0.3686016 1.0851834 1.2425518 2.1244221 1.5716923 2.2256947 1.6174912 2.2686882 2.1958175 2.0874043 3.3461494 1.8111369 
XP_005701832.1 0.4336672 0.4129114 0.4333301 0.3734709 0.4092724 0.4356315 0.0000000 0.0269783 0.0866189 0.4968011 0.2545983 0.4642156 0.4277199 0.3784060 0.4805945 0.4991800 1.1809397 1.3581511 2.0439160 1.5846499 2.1538231 1.6612127 2.5307943 2.4218811 2.1248632 3.1195021 2.1198802 
XP_004015786.1 0.4185824 0.3972196 0.4152897 0.3432773 0.3981340 0.4301327 0.0269783 0.0000000 0.1006972 0.5952845 0.2309213 0.4577482 0.4143068 0.3525752 0.4984573 0.5172006 1.1551460 1.3205386 2.0050595 1.6022557 2.1195999 1.6612127 2.5400385 2.3722968 2.1331534 3.0516244 2.1635087 
NP_776416.1    0.4085205 0.4006840 0.4115754 0.3557280 0.3979195 0.4200159 0.0866189 0.1006972 0.0000000 0.4972914 0.2712201 0.4507345 0.4213353 0.3925290 0.4990244 0.5054512 1.1798004 1.3455723 2.0761309 1.6243101 2.1791142 1.7026815 2.5021106 2.4103621 2.1914895 3.1438026 2.1392329 
XP_005616517.1 0.4553201 0.4360495 0.4646627 0.3909569 0.4300384 0.4596801 0.4968011 0.5952845 0.4972914 0.0000000 0.1910075 0.5031384 0.4821328 0.5456472 0.5419048 0.5249547 1.1906333 1.3162380 2.0506834 1.6547782 2.1996826 1.6244301 2.3812924 2.2389670 2.0928737 3.0687647 2.4262752 
XP_003997740.1 0.3655654 0.3434296 0.3751521 0.3266444 0.3125704 0.3215300 0.2545983 0.2309213 0.2712201 0.1910075 0.0000000 0.4059797 0.2623204 0.3737083 0.3582122 0.3721921 1.1762460 1.1943192 1.9184638 1.3896483 1.8223650 1.6167115 2.1124047 2.0745490 1.9344568 2.9277464 2.2695648 
NP_001076112.1 0.3339761 0.3201801 0.3349736 0.3138855 0.3355292 0.3615830 0.4642156 0.4577482 0.4507345 0.5031384 0.4059797 0.0000000 0.4737100 0.4912095 0.4773497 0.4709812 1.1435082 1.3362194 2.1263902 1.7665810 2.2217206 1.7075713 2.5282118 2.3452136 2.1917757 3.3388525 2.4953567 
XP_005614820.1 0.4463192 0.4172174 0.4603780 0.3087460 0.3983426 0.3905947 0.4277199 0.4143068 0.4213353 0.4821328 0.2623204 0.4737100 0.0000000 0.4824463 0.4859635 0.4839394 1.1459692 1.3762292 2.0173429 1.4840889 2.0191331 1.5632468 2.0803357 2.0685685 1.9773704 2.8618113 2.3738802 
NP_999473.1    0.4304633 0.4238500 0.4420751 0.4631727 0.4089350 0.4294296 0.3784060 0.3525752 0.3925290 0.5456472 0.3737083 0.4912095 0.4824463 0.0000000 0.4890832 0.4731014 1.2335836 1.5177792 2.1063310 1.6700934 2.2103102 1.6821083 2.5192472 2.3917002 2.3298847 3.0719478 2.4783581 
NP_001257612.1 0.4023176 0.3920965 0.3934946 0.3743554 0.3812480 0.3844656 0.4805945 0.4984573 0.4990244 0.5419048 0.3582122 0.4773497 0.4859635 0.4890832 0.0000000 0.0849112 1.0469187 1.2507624 1.9620362 1.5854771 2.1066656 1.5054939 2.2903052 2.1593967 2.1045305 2.9812427 2.3487367 
NP_033826.2    0.3771825 0.3639662 0.3749864 0.3415851 0.3633818 0.3686016 0.4991800 0.5172006 0.5054512 0.5249547 0.3721921 0.4709812 0.4839394 0.4731014 0.0849112 0.0000000 1.0585183 1.2785385 1.9875558 1.5379626 2.0583476 1.4981072 2.2528234 2.1666150 2.1277938 3.0210092 2.3422533 
XP_007491633.1 1.0241928 1.0531962 1.0510758 1.0055214 1.0702791 1.0851834 1.1809397 1.1551460 1.1798004 1.1906333 1.1762460 1.1435082 1.1459692 1.2335836 1.0469187 1.0585183 0.0000000 1.4709406 2.0441377 1.7774845 2.0458613 1.5742483 2.4401017 2.0828711 2.0832513 3.0974856 2.6031076 
XP_007656348.1 1.3259679 1.2862781 1.2718731 1.2803944 1.2627820 1.2425518 1.3581511 1.3205386 1.3455723 1.3162380 1.1943192 1.3362194 1.3762292 1.5177792 1.2507624 1.2785385 1.4709406 0.0000000 1.9153564 1.6252363 2.0987765 1.4535279 2.5877646 2.4947019 2.0601854 3.1133555 2.4595855 
XP_005999187.1 2.0261193 1.9794434 2.0349464 1.7658524 2.0447133 2.1244221 2.0439160 2.0050595 2.0761309 2.0506834 1.9184638 2.1263902 2.0173429 2.1063310 1.9620362 1.9875558 2.0441377 1.9153564 0.0000000 1.1074743 1.3849832 0.9699037 1.7394509 1.7132310 1.3149872 2.2430037 2.6655357 
XP_005289542.1 1.6595602 1.6091842 1.6636304 1.3655106 1.6665438 1.5716923 1.5846499 1.6022557 1.6243101 1.6547782 1.3896483 1.7665810 1.4840889 1.6700934 1.5854771 1.5379626 1.7774845 1.6252363 1.1074743 0.0000000 1.1609891 1.0656731 1.9255928 1.8316356 1.3082003 2.2471056 2.7315724 
XP_002941085.2 2.2743294 2.2319424 2.2457802 1.8895211 2.2730922 2.2256947 2.1538231 2.1195999 2.1791142 2.1996826 1.8223650 2.2217206 2.0191331 2.2103102 2.1066656 2.0583476 2.0458613 2.0987765 1.3849832 1.1609891 0.0000000 1.1196253 2.0993967 1.9330551 1.4868254 2.7211715 3.2346576 
XP_015191895.1 1.6345771 1.5732367 1.6047493 1.5519280 1.6174912 1.6174912 1.6612127 1.6612127 1.7026815 1.6244301 1.6167115 1.7075713 1.5632468 1.6821083 1.5054939 1.4981072 1.5742483 1.4535279 0.9699037 1.0656731 1.1196253 0.0000000 1.3056686 1.0130901 1.0697990 2.4263644 3.2882445 
XP_004078300.1 2.4455627 2.4207508 2.4152173 2.1864965 2.4655432 2.2686882 2.5307943 2.5400385 2.5021106 2.3812924 2.1124047 2.5282118 2.0803357 2.5192472 2.2903052 2.2528234 2.4401017 2.5877646 1.7394509 1.9255928 2.0993967 1.3056686 0.0000000 0.8141175 1.4133061 2.9189971 3.0049069 
NP_001072103.1 2.2917777 2.2922037 2.2363862 2.1193234 2.3093792 2.1958175 2.4218811 2.3722968 2.4103621 2.2389670 2.0745490 2.3452136 2.0685685 2.3917002 2.1593967 2.1666150 2.0828711 2.4947019 1.7132310 1.8316356 1.9330551 1.0130901 0.8141175 0.0000000 1.4348951 2.9548501 3.0908285 
NP_001018401.1 2.2488459 2.1911470 2.2117299 1.8448575 2.2247411 2.0874043 2.1248632 2.1331534 2.1914895 2.0928737 1.9344568 2.1917757 1.9773704 2.3298847 2.1045305 2.1277938 2.0832513 2.0601854 1.3149872 1.3082003 1.4868254 1.0697990 1.4133061 1.4348951 0.0000000 2.2109591 2.9001187 
XP_003229179.2 3.1889257 3.1400332 3.0766582 2.9491596 3.3119453 3.3461494 3.1195021 3.0516244 3.1438026 3.0687647 2.9277464 3.3388525 2.8618113 3.0719478 2.9812427 3.0210092 3.0974856 3.1133555 2.2430037 2.2471056 2.7211715 2.4263644 2.9189971 2.9548501 2.2109591 0.0000000 4.3573663 
GJQV01093856   2.1882565 2.1882565 2.4713289 2.1873224 2.2373876 1.8111369 2.1198802 2.1635087 2.1392329 2.4262752 2.2695648 2.4953567 2.3738802 2.4783581 2.3487367 2.3422533 2.6031076 2.4595855 2.6655357 2.7315724 3.2346576 3.2882445 3.0049069 3.0908285 2.9001187 4.3573663 0.0000000 
