26
NP_001164881.1                   0.0000000 0.5640936 0.6068220 0.8313310 1.1671140 0.8728393 0.9998759 0.9808805 0.6490715 1.1506582 1.0875829 1.9105028 2.0077289 1.7923078 1.7406494 1.4216989 1.1467530 0.3646069 0.3533438 0.3520579 0.3825016 0.4061822 0.3692091 0.3637868 0.3731583 1.9707120 
NP_036869.1                      0.5640936 0.0000000 0.1951229 0.8639775 1.3420008 1.0336849 0.9898924 1.0040151 0.7974678 1.1584604 1.1359152 1.8977381 1.9407894 1.8856748 1.8463093 1.5822916 1.2375524 0.5087586 0.4942753 0.5017158 0.5286478 0.5518455 0.5039699 0.5197859 0.5081601 1.6716658 
NP_031494.2                      0.6068220 0.1951229 0.0000000 0.8804768 1.3632427 1.0536501 1.0579128 1.0951773 0.8211691 1.2415250 1.2189850 2.0646712 2.0041579 2.0116577 1.9385181 1.6587142 1.3278154 0.5262166 0.5159923 0.5202413 0.5356848 0.5578737 0.5159185 0.5260393 0.5439901 1.9349869 
XP_001380874.1                   0.8313310 0.8639775 0.8804768 0.0000000 1.1949152 1.0678392 1.1560759 1.1654997 0.8368320 1.2149196 1.2321955 1.9809128 2.0104359 1.9622316 1.9331759 1.4919991 1.3285951 0.7405109 0.7421872 0.7576922 0.7373463 0.7556503 0.7522441 0.7334167 0.7544955 1.8833414 
XP_007659797.1                   1.1671140 1.3420008 1.3632427 1.1949152 0.0000000 1.3078512 1.2147587 1.2275762 0.9691554 1.3115905 1.2940384 2.2285456 2.2813014 2.0393154 1.9443914 1.5389108 1.5227705 1.0131392 1.0113495 1.0115798 1.0099547 1.0315228 1.0142861 0.9693238 0.9823462 3.1002054 
XP_008121793.1                   0.8728393 1.0336849 1.0536501 1.0678392 1.3078512 0.0000000 0.9221726 0.9326648 0.6488197 1.1328852 1.2075316 2.0641748 1.9299417 1.8154800 1.6992741 1.4406605 1.3399367 0.8172317 0.7955377 0.7987363 0.8130067 0.8448272 0.8034034 0.7854433 0.7825224 2.3020891 
NP_990269.1                      0.9998759 0.9898924 1.0579128 1.1560759 1.2147587 0.9221726 0.0000000 0.0542404 0.6187195 0.9853420 1.1255579 1.8395007 1.8322819 1.8034735 1.5486168 1.4175147 1.2060073 0.7569834 0.7685436 0.7789730 0.7713956 0.8101464 0.7802037 0.8493009 0.8052143 2.1290708 
XP_003212771.1                   0.9808805 1.0040151 1.0951773 1.1654997 1.2275762 0.9326648 0.0542404 0.0000000 0.6290017 0.9860551 1.1131669 1.8738989 1.8910776 1.8971163 1.5727707 1.4259579 1.2211244 0.7843459 0.7960626 0.8066983 0.7858910 0.8252148 0.8078674 0.8634395 0.8244560 2.0950180 
XP_005299800.1                   0.6490715 0.7974678 0.8211691 0.8368320 0.9691554 0.6488197 0.6187195 0.6290017 0.0000000 0.7802473 0.7372558 1.7550519 1.7526868 1.6505822 1.5012245 1.1196111 0.9869317 0.5378686 0.5234721 0.5314886 0.5334648 0.5457014 0.5361175 0.5158763 0.5181362 1.7758123 
NP_001008099.1                   1.1506582 1.1584604 1.2415250 1.2149196 1.3115905 1.1328852 0.9853420 0.9860551 0.7802473 0.0000000 1.0103041 1.9457116 1.7663628 1.6234456 1.5181793 1.3279097 1.1699474 1.0160170 1.0145897 1.0241747 1.0153676 1.0407902 1.0195877 0.9720326 0.9639175 1.7693369 
XP_005987289.2                   1.0875829 1.1359152 1.2189850 1.2321955 1.2940384 1.2075316 1.1255579 1.1131669 0.7372558 1.0103041 0.0000000 1.8404037 1.7632543 1.7303447 1.5813939 1.0061219 1.0043871 0.9903987 0.9795815 0.9823931 0.9991013 1.0205158 0.9990604 0.8866740 0.8845985 1.9588437 
NP_001072059.1                   1.9105028 1.8977381 2.0646712 1.9809128 2.2285456 2.0641748 1.8395007 1.8738989 1.7550519 1.9457116 1.8404037 0.0000000 0.5533249 1.0041146 1.0091651 1.8356377 1.6825385 1.6257059 1.6475830 1.6422293 1.6640230 1.6553457 1.6509402 1.6536123 1.6962886 1.9634552 
XP_004074170.1                   2.0077289 1.9407894 2.0041579 2.0104359 2.2813014 1.9299417 1.8322819 1.8910776 1.7526868 1.7663628 1.7632543 0.5533249 0.0000000 0.9836226 1.0293624 2.0024944 1.8614294 1.7744897 1.7688288 1.7602515 1.8034649 1.8071083 1.7559066 1.7633758 1.7737504 1.9087456 
NP_001073330.1                   1.7923078 1.8856748 2.0116577 1.9622316 2.0393154 1.8154800 1.8034735 1.8971163 1.6505822 1.6234456 1.7303447 1.0041146 0.9836226 0.0000000 0.9067203 1.8663821 1.7410597 1.6326559 1.6221041 1.6168904 1.6477375 1.7032263 1.6144360 1.6641940 1.6109875 2.2931303 
XP_015191905.1                   1.7406494 1.8463093 1.9385181 1.9331759 1.9443914 1.6992741 1.5486168 1.5727707 1.5012245 1.5181793 1.5813939 1.0091651 1.0293624 0.9067203 0.0000000 1.5765477 1.4632405 1.4854076 1.4395264 1.4235412 1.4831417 1.5191972 1.4344686 1.4886507 1.4724727 2.2185009 
XP_020377459.1                   1.4216989 1.5822916 1.6587142 1.4919991 1.5389108 1.4406605 1.4175147 1.4259579 1.1196111 1.3279097 1.0061219 1.8356377 2.0024944 1.8663821 1.5765477 0.0000000 1.0265285 1.2527189 1.2627606 1.2756943 1.2773647 1.2902208 1.2806929 1.1971502 1.2087917 2.1116113 
XP_007910038.1                   1.1467530 1.2375524 1.3278154 1.3285951 1.5227705 1.3399367 1.2060073 1.2211244 0.9869317 1.1699474 1.0043871 1.6825385 1.8614294 1.7410597 1.4632405 1.0265285 0.0000000 1.0592892 1.0473523 1.0569561 1.0513009 1.0635142 1.0630424 1.0325744 1.0426865 2.0252370 
NP_000473.2                      0.3646069 0.5087586 0.5262166 0.7405109 1.0131392 0.8172317 0.7569834 0.7843459 0.5378686 1.0160170 0.9903987 1.6257059 1.7744897 1.6326559 1.4854076 1.2527189 1.0592892 0.0000000 0.0179663 0.0309675 0.0600552 0.0713452 0.0335329 0.2103481 0.2038385 2.0150827 
XP_522192.2                      0.3533438 0.4942753 0.5159923 0.7421872 1.0113495 0.7955377 0.7685436 0.7960626 0.5234721 1.0145897 0.9795815 1.6475830 1.7688288 1.6221041 1.4395264 1.2627606 1.0473523 0.0179663 0.0000000 0.0179821 0.0520807 0.0659555 0.0257256 0.2043346 0.1943909 1.9673856 
XP_004052227.1                   0.3520579 0.5017158 0.5202413 0.7576922 1.0115798 0.7987363 0.7789730 0.8066983 0.5314886 1.0241747 0.9823931 1.6422293 1.7602515 1.6168904 1.4235412 1.2756943 1.0569561 0.0309675 0.0179821 0.0000000 0.0631799 0.0772303 0.0361903 0.2076679 0.2007640 1.9673856 
XP_009185615.1                   0.3825016 0.5286478 0.5356848 0.7373463 1.0099547 0.8130067 0.7713956 0.7858910 0.5334648 1.0153676 0.9991013 1.6640230 1.8034649 1.6477375 1.4831417 1.2773647 1.0513009 0.0600552 0.0520807 0.0631799 0.0000000 0.0292480 0.0596012 0.2358773 0.2203208 2.0169226 
XP_001090730.2                   0.4061822 0.5518455 0.5578737 0.7556503 1.0315228 0.8448272 0.8101464 0.8252148 0.5457014 1.0407902 1.0205158 1.6553457 1.8071083 1.7032263 1.5191972 1.2902208 1.0635142 0.0713452 0.0659555 0.0772303 0.0292480 0.0000000 0.0697631 0.2578552 0.2421807 2.0221917 
XP_009245367.1                   0.3692091 0.5039699 0.5159185 0.7522441 1.0142861 0.8034034 0.7802037 0.8078674 0.5361175 1.0195877 0.9990604 1.6509402 1.7559066 1.6144360 1.4344686 1.2806929 1.0630424 0.0335329 0.0257256 0.0361903 0.0596012 0.0697631 0.0000000 0.2132019 0.2029371 1.9529806 
XP_546510.3                      0.3637868 0.5197859 0.5260393 0.7334167 0.9693238 0.7854433 0.8493009 0.8634395 0.5158763 0.9720326 0.8866740 1.6536123 1.7633758 1.6641940 1.4886507 1.1971502 1.0325744 0.2103481 0.2043346 0.2076679 0.2358773 0.2578552 0.2132019 0.0000000 0.1412965 1.9389219 
XP_003992503.1                   0.3731583 0.5081601 0.5439901 0.7544955 0.9823462 0.7825224 0.8052143 0.8244560 0.5181362 0.9639175 0.8845985 1.6962886 1.7737504 1.6109875 1.4724727 1.2087917 1.0426865 0.2038385 0.1943909 0.2007640 0.2203208 0.2421807 0.2029371 0.1412965 0.0000000 2.0088431 
CM053038.1_Lithobates_sylvaticus 1.9707120 1.6716658 1.9349869 1.8833414 3.1002054 2.3020891 2.1290708 2.0950180 1.7758123 1.7693369 1.9588437 1.9634552 1.9087456 2.2931303 2.2185009 2.1116113 2.0252370 2.0150827 1.9673856 1.9673856 2.0169226 2.0221917 1.9529806 1.9389219 2.0088431 0.0000000 
