23
NP_443200.2     0.0000000 0.0393305 0.0364514 0.0083067 0.1858068 0.0166997 0.3257651 0.3514750 0.2326387 0.2312803 0.2677224 0.2441079 0.2465052 0.2270533 0.2540091 0.2572713 0.6091394 1.1658205 1.1369481 1.1655119 1.4193713 3.6407788 2.3990401 
XP_002799851.1  0.0393305 0.0000000 0.0027483 0.0364257 0.2134586 0.0450617 0.3410470 0.3612901 0.2433240 0.2444740 0.2751623 0.2514182 0.2556419 0.2439402 0.2719533 0.2712619 0.6121026 1.1937195 1.1549943 1.2024490 1.4910510 3.3128692 2.4736208 
NP_001162239.1  0.0364514 0.0027483 0.0000000 0.0335597 0.2086497 0.0421646 0.3453984 0.3657366 0.2395932 0.2446267 0.2753398 0.2515763 0.2558361 0.2401946 0.2681223 0.2673983 0.6066461 1.1846575 1.1461339 1.1936313 1.4797268 3.3128692 2.4736208 
XP_003313361.1  0.0083067 0.0364257 0.0335597 0.0000000 0.1808879 0.0138805 0.3304607 0.3557831 0.2290247 0.2273002 0.2635826 0.2400837 0.2416872 0.2231444 0.2575808 0.2532033 0.6067305 1.1693423 1.1404795 1.1758715 1.4365232 3.5698949 2.3546612 
XP_009245366.1  0.1858068 0.2134586 0.2086497 0.1808879 0.0000000 0.1898332 0.5009462 0.5124572 0.4164160 0.4206778 0.4497146 0.4378047 0.4622712 0.4095054 0.4313438 0.4270365 0.7851958 1.2882543 1.2498247 1.3338951 1.7109032 3.6661429 2.1483309 
XP_004052226.1  0.0166997 0.0450617 0.0421646 0.0138805 0.1898332 0.0000000 0.3247320 0.3498590 0.2326793 0.2273358 0.2636262 0.2401218 0.2463048 0.2258930 0.2538729 0.2585430 0.5935120 1.1628316 1.1340448 1.1714502 1.4373337 3.5317460 2.3454545 
NP_536682.2     0.3257651 0.3410470 0.3453984 0.3304607 0.5009462 0.3247320 0.0000000 0.0983170 0.3732751 0.4143958 0.4622676 0.4338127 0.4235056 0.3578175 0.3933860 0.4146142 0.6626336 1.2432353 1.2426918 1.2538232 1.5785785 4.4342806 2.7117769 
NP_001264193.1  0.3514750 0.3612901 0.3657366 0.3557831 0.5124572 0.3498590 0.0983170 0.0000000 0.3753796 0.4238029 0.4589677 0.4339159 0.4279509 0.3692585 0.4100239 0.4155797 0.6570404 1.2269118 1.2308958 1.2260652 1.5662340 3.9551874 2.4691021 
NP_001164880.1  0.2326387 0.2433240 0.2395932 0.2290247 0.4164160 0.2326793 0.3732751 0.3753796 0.0000000 0.2829440 0.3077997 0.2898312 0.2850828 0.2932680 0.2895954 0.3031601 0.6025933 1.1878064 1.1565679 1.1666281 1.5338933 3.3113045 2.5404769 
XP_001500835.1  0.2312803 0.2444740 0.2446267 0.2273002 0.4206778 0.2273358 0.4143958 0.4238029 0.2829440 0.0000000 0.2276036 0.1980017 0.2174819 0.2175829 0.2401063 0.2318868 0.6136080 1.2114335 1.1593936 1.1509552 1.6238892 3.7057261 2.5227648 
NP_001076961.1  0.2677224 0.2751623 0.2753398 0.2635826 0.4497146 0.2636262 0.4622676 0.4589677 0.3077997 0.2276036 0.0000000 0.0404414 0.0549075 0.2095423 0.2369619 0.2702334 0.6065953 1.1979831 1.1785024 1.1788132 1.5802994 3.6594241 2.7057713 
XP_017914482.1  0.2441079 0.2514182 0.2515763 0.2400837 0.4378047 0.2401218 0.4338127 0.4339159 0.2898312 0.1980017 0.0404414 0.0000000 0.0132861 0.1937380 0.2141168 0.2407726 0.5883431 1.2099685 1.1702866 1.1802561 1.5587626 3.7052178 2.7211872 
XP_004016095.1  0.2465052 0.2556419 0.2558361 0.2416872 0.4622712 0.2463048 0.4235056 0.4279509 0.2850828 0.2174819 0.0549075 0.0132861 0.0000000 0.2115324 0.2294820 0.2757468 0.5521950 1.1809404 1.1490094 1.1618936 1.5658781 3.1462147 2.5598791 
NP_001152780.1  0.2270533 0.2439402 0.2401946 0.2231444 0.4095054 0.2258930 0.3578175 0.3692585 0.2932680 0.2175829 0.2095423 0.1937380 0.2115324 0.0000000 0.2575804 0.2459213 0.5778153 1.1468958 1.0978491 1.0885810 1.3921093 3.2786483 2.0792351 
XP_003992440.1  0.2540091 0.2719533 0.2681223 0.2575808 0.4313438 0.2538729 0.3933860 0.4100239 0.2895954 0.2401063 0.2369619 0.2141168 0.2294820 0.2575804 0.0000000 0.1689897 0.6007565 1.1742201 1.1457494 1.2089774 1.5995585 4.1732205 3.0366635 
XP_005619788.1  0.2572713 0.2712619 0.2673983 0.2532033 0.4270365 0.2585430 0.4146142 0.4155797 0.3031601 0.2318868 0.2702334 0.2407726 0.2757468 0.2459213 0.1689897 0.0000000 0.6301126 1.1921611 1.1871308 1.1869619 1.6037235 3.2173904 2.6416501 
XP_001380879.3  0.6091394 0.6121026 0.6066461 0.6067305 0.7851958 0.5935120 0.6626336 0.6570404 0.6025933 0.6136080 0.6065953 0.5883431 0.5521950 0.5778153 0.6007565 0.6301126 0.0000000 1.2508835 1.2709692 1.3313398 1.7104991 3.1889204 2.6780978 
XP_004948132.1  1.1658205 1.1937195 1.1846575 1.1693423 1.2882543 1.1628316 1.2432353 1.2269118 1.1878064 1.2114335 1.1979831 1.2099685 1.1809404 1.1468958 1.1742201 1.1921611 1.2508835 0.0000000 0.1085454 0.5095297 1.0771949 2.8937652 2.8183527 
XP_003212774.1  1.1369481 1.1549943 1.1461339 1.1404795 1.2498247 1.1340448 1.2426918 1.2308958 1.1565679 1.1593936 1.1785024 1.1702866 1.1490094 1.0978491 1.1457494 1.1871308 1.2709692 0.1085454 0.0000000 0.4415551 1.0307477 2.7015621 2.6223259 
XP_005299881.1  1.1655119 1.2024490 1.1936313 1.1758715 1.3338951 1.1714502 1.2538232 1.2260652 1.1666281 1.1509552 1.1788132 1.1802561 1.1618936 1.0885810 1.2089774 1.1869619 1.3313398 0.5095297 0.4415551 0.0000000 0.8968579 2.8859890 2.8912974 
NP_001116904.1  1.4193713 1.4910510 1.4797268 1.4365232 1.7109032 1.4373337 1.5785785 1.5662340 1.5338933 1.6238892 1.5802994 1.5587626 1.5658781 1.3921093 1.5995585 1.6037235 1.7104991 1.0771949 1.0307477 0.8968579 0.0000000 3.5548283 2.5293116 
GJQV01093856    3.6407788 3.3128692 3.3128692 3.5698949 3.6661429 3.5317460 4.4342806 3.9551874 3.3113045 3.7057261 3.6594241 3.7052178 3.1462147 3.2786483 4.1732205 3.2173904 3.1889204 2.8937652 2.7015621 2.8859890 3.5548283 0.0000000 1.1297856 
JAQSEC010000013 2.3990401 2.4736208 2.4736208 2.3546612 2.1483309 2.3454545 2.7117769 2.4691021 2.5404769 2.5227648 2.7057713 2.7211872 2.5598791 2.0792351 3.0366635 2.6416501 2.6780978 2.8183527 2.6223259 2.8912974 2.5293116 1.1297856 0.0000000 
