22
NP_443200.2                      0.0000000 0.0393581 0.0364746 0.0083088 0.1871955 0.0167054 0.3281317 0.3540699 0.2337062 0.2326070 0.2692046 0.2453931 0.2479354 0.2280435 0.2552312 0.2585256 0.6162377 1.1910423 1.1619450 1.1873348 1.4579863 2.5405214 
XP_002799851.1                   0.0393581 0.0000000 0.0027485 0.0364494 0.2151110 0.0450949 0.3435620 0.3640521 0.2444738 0.2458551 0.2767112 0.2527671 0.2571755 0.2450043 0.2733008 0.2726011 0.6191870 1.2197455 1.1804815 1.2263668 1.5321747 2.7461281 
NP_001162239.1                   0.0364746 0.0027485 0.0000000 0.0335793 0.2102521 0.0421930 0.3479637 0.3685507 0.2407116 0.2460159 0.2768982 0.2529337 0.2573803 0.2412288 0.2694357 0.2687034 0.6136395 1.2103961 1.1713477 1.2172672 1.5203650 2.7461281 
XP_003313361.1                   0.0083088 0.0364494 0.0335793 0.0000000 0.1822298 0.0138845 0.3329166 0.3584433 0.2300665 0.2285917 0.2650286 0.2413350 0.2430601 0.2241071 0.2588366 0.2544248 0.6137091 1.1944930 1.1654062 1.1978163 1.4755002 2.6258254 
XP_009245366.1                   0.1871955 0.2151110 0.2102521 0.1822298 0.0000000 0.1912263 0.5072755 0.5188928 0.4214644 0.4257970 0.4550274 0.4430071 0.4683242 0.4138638 0.4365514 0.4325081 0.7990638 1.3194932 1.2795925 1.3633722 1.7639299 2.0629401 
XP_004052226.1                   0.0167054 0.0450949 0.0421930 0.0138845 0.1912263 0.0000000 0.3270349 0.3523572 0.2337584 0.2286261 0.2650709 0.2413718 0.2477340 0.2268426 0.2550866 0.2598403 0.6001536 1.1877574 1.1587483 1.1933466 1.4764375 2.5405214 
NP_536682.2                      0.3281317 0.3435620 0.3479637 0.3329166 0.5072755 0.3270349 0.0000000 0.0985005 0.3762590 0.4187220 0.4670057 0.4380213 0.4275838 0.3605353 0.3968681 0.4183621 0.6717700 1.2709324 1.2709855 1.2789243 1.6245889 2.7763744 
NP_001264193.1                   0.3540699 0.3640521 0.3685507 0.3584433 0.5188928 0.3523572 0.0985005 0.0000000 0.3784185 0.4280309 0.4636107 0.4379318 0.4319827 0.3723502 0.4136174 0.4192930 0.6659477 1.2537322 1.2584154 1.2449433 1.6112672 2.7120401 
NP_001164880.1                   0.2337062 0.2444738 0.2407116 0.2300665 0.4214644 0.2337584 0.3762590 0.3784185 0.0000000 0.2851318 0.3102790 0.2919367 0.2871607 0.2951917 0.2914462 0.3052120 0.6102767 1.2138642 1.1820988 1.1896707 1.5789248 2.5171619 
XP_001500835.1                   0.2326070 0.2458551 0.2460159 0.2285917 0.4257970 0.2286261 0.4187220 0.4280309 0.2851318 0.0000000 0.2290123 0.1990196 0.2188273 0.2187422 0.2415019 0.2332888 0.6215111 1.2387852 1.1850836 1.1830307 1.6728815 2.6710779 
NP_001076961.1                   0.2692046 0.2767112 0.2768982 0.2650286 0.4550274 0.2650709 0.4670057 0.4636107 0.3102790 0.2290123 0.0000000 0.0404962 0.0549839 0.2105357 0.2381760 0.2719300 0.6137966 1.2248194 1.2050990 1.2020567 1.6270599 2.8019405 
XP_017914482.1                   0.2453931 0.2527671 0.2529337 0.2413350 0.4430071 0.2413718 0.4380213 0.4379318 0.2919367 0.1990196 0.0404962 0.0000000 0.0132906 0.1945682 0.2151039 0.2421078 0.5953809 1.2369624 1.1965442 1.2006931 1.6042618 2.8575767 
XP_004016095.1                   0.2479354 0.2571755 0.2573803 0.2430601 0.4683242 0.2477340 0.4275838 0.4319827 0.2871607 0.2188273 0.0549839 0.0132906 0.0000000 0.2125744 0.2307173 0.2775643 0.5580932 1.2067679 1.1744999 1.1804157 1.6121059 2.9683349 
NP_001152780.1                   0.2280435 0.2450043 0.2412288 0.2241071 0.4138638 0.2268426 0.3605353 0.3723502 0.2951917 0.2187422 0.2105357 0.1945682 0.2125744 0.0000000 0.2588684 0.2472712 0.5842457 1.1707175 1.1204951 1.1078268 1.4283361 2.4522493 
XP_003992440.1                   0.2552312 0.2733008 0.2694357 0.2588366 0.4365514 0.2550866 0.3968681 0.4136174 0.2914462 0.2415019 0.2381760 0.2151039 0.2307173 0.2588684 0.0000000 0.1696431 0.6075349 1.1995007 1.1704893 1.2206779 1.6476811 2.9383808 
XP_005619788.1                   0.2585256 0.2726011 0.2687034 0.2544248 0.4325081 0.2598403 0.4183621 0.4192930 0.3052120 0.2332888 0.2719300 0.2421078 0.2775643 0.2472712 0.1696431 0.0000000 0.6379079 1.2184875 1.2137495 1.2112779 1.6516629 2.4493583 
XP_001380879.3                   0.6162377 0.6191870 0.6136395 0.6137091 0.7990638 0.6001536 0.6717700 0.6659477 0.6102767 0.6215111 0.6137966 0.5953809 0.5580932 0.5842457 0.6075349 0.6379079 0.0000000 1.2918967 1.3040398 1.3515213 1.7440524 2.2717417 
XP_004948132.1                   1.1910423 1.2197455 1.2103961 1.1944930 1.3194932 1.1877574 1.2709324 1.2537322 1.2138642 1.2387852 1.2248194 1.2369624 1.2067679 1.1707175 1.1995007 1.2184875 1.2918967 0.0000000 0.1089056 0.5053183 1.0982127 1.8873564 
XP_003212774.1                   1.1619450 1.1804815 1.1713477 1.1654062 1.2795925 1.1587483 1.2709855 1.2584154 1.1820988 1.1850836 1.2050990 1.1965442 1.1744999 1.1204951 1.1704893 1.2137495 1.3040398 0.1089056 0.0000000 0.4367299 1.0499078 1.8583605 
XP_005299881.1                   1.1873348 1.2263668 1.2172672 1.1978163 1.3633722 1.1933466 1.2789243 1.2449433 1.1896707 1.1830307 1.2020567 1.2006931 1.1804157 1.1078268 1.2206779 1.2112779 1.3515213 0.5053183 0.4367299 0.0000000 0.9128657 2.3772411 
NP_001116904.1                   1.4579863 1.5321747 1.5203650 1.4755002 1.7639299 1.4764375 1.6245889 1.6112672 1.5789248 1.6728815 1.6270599 1.6042618 1.6121059 1.4283361 1.6476811 1.6516629 1.7440524 1.0982127 1.0499078 0.9128657 0.0000000 2.3339115 
CM053038.1_Lithobates_sylvaticus 2.5405214 2.7461281 2.7461281 2.6258254 2.0629401 2.5405214 2.7763744 2.7120401 2.5171619 2.6710779 2.8019405 2.8575767 2.9683349 2.4522493 2.9383808 2.4493583 2.2717417 1.8873564 1.8583605 2.3772411 2.3339115 0.0000000 
