24
XP_004950281.1                   0.0000000 2.1649786 2.8434089 2.5453726 1.7025553 1.5978358 1.5978358 1.5556223 1.5209653 1.5237720 1.5212927 1.4795997 1.4565410 1.5167407 1.4982421 1.5376510 1.5458217 1.5263669 1.5292441 1.4798896 1.4676145 1.6016775 1.6270091 2.2367915 
XP_002942480.2                   2.1649786 0.0000000 2.1978216 2.2882868 2.7119739 1.8674521 1.8674521 1.8132572 1.8055230 1.8056652 1.7670207 1.6557677 1.7529480 1.7619514 1.7501707 1.8532079 1.5872382 1.6290528 1.6713556 1.6493490 1.9949849 1.8416558 1.7041329 1.3700045 
NP_001038953.1                   2.8434089 2.1978216 0.0000000 0.7803469 2.6713553 1.7845681 1.7845681 1.7626767 1.7254083 1.7635180 1.7236853 1.7575633 1.7388195 1.8195041 1.8595757 2.0158705 1.8850185 1.8116320 1.7993367 1.9803800 1.9315370 2.0161197 2.1057853 1.9030241 
XP_006643008.1                   2.5453726 2.2882868 0.7803469 0.0000000 2.5176791 2.0947852 2.0947852 2.1046688 1.9046005 1.9750097 1.9795168 2.1522393 2.2437303 2.1557000 2.0829592 2.4706210 2.4070044 2.3318710 2.3536017 2.0220568 2.1266845 2.3119076 2.5027766 2.3644175 
XP_007656211.1                   1.7025553 2.7119739 2.6713553 2.5176791 0.0000000 1.2813590 1.2813590 1.3156314 1.2815658 1.1887363 1.2056616 1.2602663 1.3079381 1.2212488 1.2488082 1.4573327 1.3507323 1.3586302 1.3439624 1.7386967 1.3235983 1.5477663 1.4665839 2.4297259 
NP_001634.1                      1.5978358 1.8674521 1.7845681 2.0947852 1.2813590 0.0000000 0.0000010 0.0414619 0.0451142 0.0835912 0.0728506 0.3283446 0.2370113 0.2859712 0.2865077 0.3305035 0.3683767 0.3549695 0.3389723 1.0292063 0.6205872 0.5422284 0.6714793 1.9160310 
XP_004027815.1                   1.5978358 1.8674521 1.7845681 2.0947852 1.2813590 0.0000010 0.0000000 0.0414619 0.0451142 0.0835912 0.0728506 0.3283446 0.2370113 0.2859712 0.2865077 0.3305035 0.3683767 0.3549695 0.3389723 1.0292063 0.6205872 0.5422284 0.6714793 1.9160310 
XP_009431992.1                   1.5556223 1.8132572 1.7626767 2.1046688 1.3156314 0.0414619 0.0414619 0.0000000 0.0796102 0.1279789 0.1168494 0.3086036 0.2533602 0.3030495 0.2942125 0.3656959 0.4061094 0.3922617 0.3755248 1.0454611 0.6503108 0.5304960 0.6809515 1.8895824 
NP_001158123.1                   1.5209653 1.8055230 1.7254083 1.9046005 1.2815658 0.0451142 0.0451142 0.0796102 0.0000000 0.1033593 0.0914793 0.3420757 0.2550666 0.2785215 0.2808675 0.3309781 0.3678026 0.3378911 0.3209764 0.9468046 0.6076974 0.5018497 0.6343552 1.7626863 
XP_003893015.1                   1.5237720 1.8056652 1.7635180 1.9750097 1.1887363 0.0835912 0.0835912 0.1279789 0.1033593 0.0000000 0.0100664 0.2816887 0.1788351 0.2159934 0.2163631 0.2967898 0.3126437 0.3000190 0.2852648 0.9622042 0.6020122 0.4957256 0.6183486 1.8813377 
XP_001117975.1                   1.5212927 1.7670207 1.7236853 1.9795168 1.2056616 0.0728506 0.0728506 0.1168494 0.0914793 0.0100664 0.0000000 0.2689787 0.1670129 0.2038230 0.2041664 0.2838749 0.2993669 0.2868313 0.2722596 0.9545153 0.5847493 0.4801097 0.6014121 1.8369319 
XP_001503846.1                   1.4795997 1.6557677 1.7575633 2.1522393 1.2602663 0.3283446 0.3283446 0.3086036 0.3420757 0.2816887 0.2689787 0.0000000 0.2123462 0.2237913 0.2403732 0.2840802 0.2815602 0.2964472 0.3114063 1.0316158 0.6998829 0.5689310 0.6313169 1.9186876 
XP_536139.3                      1.4565410 1.7529480 1.7388195 2.2437303 1.3079381 0.2370113 0.2370113 0.2533602 0.2550666 0.1788351 0.1670129 0.2123462 0.0000000 0.1301179 0.1318941 0.2169428 0.1951481 0.1834064 0.1703858 0.9630222 0.6859849 0.4371116 0.5696986 1.8303682 
XP_002715298.1                   1.5167407 1.7619514 1.8195041 2.1557000 1.2212488 0.2859712 0.2859712 0.3030495 0.2785215 0.2159934 0.2038230 0.2237913 0.1301179 0.0000000 0.1526598 0.2113047 0.2566354 0.2293476 0.2158459 0.9408108 0.6638686 0.4379054 0.5285712 1.7946579 
XP_003999611.1                   1.4982421 1.7501707 1.8595757 2.0829592 1.2488082 0.2865077 0.2865077 0.2942125 0.2808675 0.2163631 0.2041664 0.2403732 0.1318941 0.1526598 0.0000000 0.2135031 0.2179520 0.2177580 0.2313072 0.9076699 0.6848760 0.4487776 0.5716637 1.7474038 
NP_001173223.1                   1.5376510 1.8532079 2.0158705 2.4706210 1.4573327 0.3305035 0.3305035 0.3656959 0.3309781 0.2967898 0.2838749 0.2840802 0.2169428 0.2113047 0.2135031 0.0000000 0.2578347 0.2203194 0.2212805 1.0565292 0.6950654 0.4924003 0.5961667 1.9168044 
NP_001039381.1                   1.5458217 1.5872382 1.8850185 2.4070044 1.3507323 0.3683767 0.3683767 0.4061094 0.3678026 0.3126437 0.2993669 0.2815602 0.1951481 0.2566354 0.2179520 0.2578347 0.0000000 0.0312863 0.0420964 0.9394831 0.6547859 0.5132562 0.5577020 1.7634627 
XP_004002742.1                   1.5263669 1.6290528 1.8116320 2.3318710 1.3586302 0.3549695 0.3549695 0.3922617 0.3378911 0.3000190 0.2868313 0.2964472 0.1834064 0.2293476 0.2177580 0.2203194 0.0312863 0.0000000 0.0104238 0.9603733 0.6320225 0.4807779 0.5787267 1.7616204 
XP_005677218.1                   1.5292441 1.6713556 1.7993367 2.3536017 1.3439624 0.3389723 0.3389723 0.3755248 0.3209764 0.2852648 0.2722596 0.3114063 0.1703858 0.2158459 0.2313072 0.2212805 0.0420964 0.0104238 0.0000000 0.9625606 0.6411208 0.4628806 0.5588263 1.7491218 
XP_005293843.1                   1.4798896 1.6493490 1.9803800 2.0220568 1.7386967 1.0292063 1.0292063 1.0454611 0.9468046 0.9622042 0.9545153 1.0316158 0.9630222 0.9408108 0.9076699 1.0565292 0.9394831 0.9603733 0.9625606 0.0000000 1.1214172 0.9995248 1.1563064 1.5769451 
XP_001371984.1                   1.4676145 1.9949849 1.9315370 2.1266845 1.3235983 0.6205872 0.6205872 0.6503108 0.6076974 0.6020122 0.5847493 0.6998829 0.6859849 0.6638686 0.6848760 0.6950654 0.6547859 0.6320225 0.6411208 1.1214172 0.0000000 0.7436955 0.7783822 1.8173102 
XP_006496688.1                   1.6016775 1.8416558 2.0161197 2.3119076 1.5477663 0.5422284 0.5422284 0.5304960 0.5018497 0.4957256 0.4801097 0.5689310 0.4371116 0.4379054 0.4487776 0.4924003 0.5132562 0.4807779 0.4628806 0.9995248 0.7436955 0.0000000 0.3210698 1.5631595 
XP_006250301.1                   1.6270091 1.7041329 2.1057853 2.5027766 1.4665839 0.6714793 0.6714793 0.6809515 0.6343552 0.6183486 0.6014121 0.6313169 0.5696986 0.5285712 0.5716637 0.5961667 0.5577020 0.5787267 0.5588263 1.1563064 0.7783822 0.3210698 0.0000000 1.7494201 
CM053038.1_Lithobates_sylvaticus 2.2367915 1.3700045 1.9030241 2.3644175 2.4297259 1.9160310 1.9160310 1.8895824 1.7626863 1.8813377 1.8369319 1.9186876 1.8303682 1.7946579 1.7474038 1.9168044 1.7634627 1.7616204 1.7491218 1.5769451 1.8173102 1.5631595 1.7494201 0.0000000 
