22
NP_000474.2                      0.0000000 0.0100275 0.0201867 0.0946972 0.1302242 0.1410702 0.4813187 0.4986102 0.4049688 0.5309472 0.6072966 0.4679100 0.4047204 0.5742915 0.4933326 0.4624982 1.1735819 1.0797692 1.6839825 2.1014581 2.1547317 3.8997327 
NP_001230828.1                   0.0100275 0.0000000 0.0100238 0.0969046 0.1303037 0.1442176 0.4733496 0.4903719 0.3980774 0.5226706 0.5970544 0.4510590 0.3978161 0.5613496 0.4850745 0.4550717 1.1710076 1.0797692 1.6839825 2.0875982 2.1327823 3.8997327 
XP_018870627.1                   0.0201867 0.0100238 0.0000000 0.1083892 0.1421882 0.1564115 0.4908086 0.5081590 0.4144222 0.5413385 0.6176552 0.4547441 0.4028277 0.5420231 0.4894850 0.4725134 1.2070008 1.0849567 1.7405498 2.1042494 2.1433038 3.9554646 
XP_009231041.1                   0.0946972 0.0969046 0.1083892 0.0000000 0.0963833 0.0961516 0.4326526 0.4492180 0.3586787 0.4751204 0.6109449 0.4511108 0.4382097 0.5315949 0.4491324 0.4423622 1.2174445 1.1113187 1.7303765 2.1381043 2.2000144 3.9112813 
XP_009196973.1                   0.1302242 0.1303037 0.1421882 0.0963833 0.0000000 0.0205602 0.3928201 0.4086028 0.3217127 0.4636294 0.5392073 0.4287362 0.4300215 0.5020840 0.4124388 0.3787463 1.1022365 0.9990280 1.6741571 2.0567903 2.1637230 3.5844005 
XP_002801531.1                   0.1410702 0.1442176 0.1564115 0.0961516 0.0205602 0.0000000 0.3940669 0.4098599 0.3392055 0.4604587 0.5405211 0.4500174 0.4313268 0.5027622 0.4104872 0.3762154 1.1249655 0.9716673 1.7213703 2.0292801 2.1866613 3.7471870 
XP_004015363.1                   0.4813187 0.4733496 0.4908086 0.4326526 0.3928201 0.3940669 0.0000000 0.0099220 0.0716904 0.3024403 0.4692195 0.3994194 0.4064762 0.6897937 0.5624272 0.4818810 1.2370217 1.0461987 2.0276379 1.9931277 1.9835123 4.0706922 
XP_005701831.1                   0.4986102 0.4903719 0.5081590 0.4492180 0.4086028 0.4098599 0.0099220 0.0000000 0.0824639 0.3172004 0.4863490 0.4155784 0.4227037 0.6980844 0.5823409 0.4996726 1.2320494 1.0686529 2.0891550 2.0383072 2.0279611 4.2172968 
NP_001095850.1                   0.4049688 0.3980774 0.4144222 0.3586787 0.3217127 0.3392055 0.0716904 0.0824639 0.0000000 0.3250487 0.5023265 0.4024208 0.4018671 0.6675142 0.5498859 0.4457838 1.3382503 1.0101802 1.8665594 2.0494339 2.0415691 3.6934236 
XP_005653336.1                   0.5309472 0.5226706 0.5413385 0.4751204 0.4636294 0.4604587 0.3024403 0.3172004 0.3250487 0.0000000 0.4748075 0.4707798 0.3873980 0.5943977 0.4827998 0.4256152 1.1482182 0.9280438 1.7722976 2.3166917 2.2635319 3.9890074 
XP_003997697.1                   0.6072966 0.5970544 0.6176552 0.6109449 0.5392073 0.5405211 0.4692195 0.4863490 0.5023265 0.4748075 0.0000000 0.4031869 0.4492323 0.7643117 0.6851125 0.5578971 1.2932682 1.0201038 2.0643808 2.2197296 2.7301342 3.9128981 
NP_001003368.1                   0.4679100 0.4510590 0.4547441 0.4511108 0.4287362 0.4500174 0.3994194 0.4155784 0.4024208 0.4707798 0.4031869 0.0000000 0.3295749 0.5540606 0.5247024 0.5187311 1.3802463 1.0861935 1.9052237 2.1750231 2.2218808 3.9376493 
XP_001502426.1                   0.4047204 0.3978161 0.4028277 0.4382097 0.4300215 0.4313268 0.4064762 0.4227037 0.4018671 0.3873980 0.4492323 0.3295749 0.0000000 0.5136210 0.4484587 0.3801546 1.3295296 1.0133351 1.9664066 2.1547137 2.2711083 3.8775675 
NP_001264873.1                   0.5742915 0.5613496 0.5420231 0.5315949 0.5020840 0.5027622 0.6897937 0.6980844 0.6675142 0.5943977 0.7643117 0.5540606 0.5136210 0.0000000 0.2619959 0.5620522 1.4723720 1.0776044 2.1949845 2.2072419 2.2715206 3.8693534 
NP_001078821.1                   0.4933326 0.4850745 0.4894850 0.4491324 0.4124388 0.4104872 0.5624272 0.5823409 0.5498859 0.4827998 0.6851125 0.5247024 0.4484587 0.2619959 0.0000000 0.4102140 1.2724092 1.0030887 2.1898317 2.3463673 2.2880865 4.4452029 
XP_008250476.1                   0.4624982 0.4550717 0.4725134 0.4423622 0.3787463 0.3762154 0.4818810 0.4996726 0.4457838 0.4256152 0.5578971 0.5187311 0.3801546 0.5620522 0.4102140 0.0000000 1.2558219 1.0099958 1.6810630 2.0536618 2.2319141 4.3156860 
XP_007491646.1                   1.1735819 1.1710076 1.2070008 1.2174445 1.1022365 1.1249655 1.2370217 1.2320494 1.3382503 1.1482182 1.2932682 1.3802463 1.3295296 1.4723720 1.2724092 1.2558219 0.0000000 1.2333512 2.0989714 2.7811397 3.1705187 5.7956344 
XP_007659067.1                   1.0797692 1.0797692 1.0849567 1.1113187 0.9990280 0.9716673 1.0461987 1.0686529 1.0101802 0.9280438 1.0201038 1.0861935 1.0133351 1.0776044 1.0030887 1.0099958 1.2333512 0.0000000 1.5058866 1.7555714 2.0506674 2.7338754 
XP_004920591.1                   1.6839825 1.6839825 1.7405498 1.7303765 1.6741571 1.7213703 2.0276379 2.0891550 1.8665594 1.7722976 2.0643808 1.9052237 1.9664066 2.1949845 2.1898317 1.6810630 2.0989714 1.5058866 0.0000000 1.6274307 1.6652080 3.9616120 
NP_001027890.1                   2.1014581 2.0875982 2.1042494 2.1381043 2.0567903 2.0292801 1.9931277 2.0383072 2.0494339 2.3166917 2.2197296 2.1750231 2.1547137 2.2072419 2.3463673 2.0536618 2.7811397 1.7555714 1.6274307 0.0000000 0.6312964 3.1757159 
XP_691110.1                      2.1547317 2.1327823 2.1433038 2.2000144 2.1637230 2.1866613 1.9835123 2.0279611 2.0415691 2.2635319 2.7301342 2.2218808 2.2711083 2.2715206 2.2880865 2.2319141 3.1705187 2.0506674 1.6652080 0.6312964 0.0000000 4.4701132 
CM053038.1_Lithobates_sylvaticus 3.8997327 3.8997327 3.9554646 3.9112813 3.5844005 3.7471870 4.0706922 4.2172968 3.6934236 3.9890074 3.9128981 3.9376493 3.8775675 3.8693534 4.4452029 4.3156860 5.7956344 2.7338754 3.9616120 3.1757159 4.4701132 0.0000000 
