22
NP_000474.2                      0.0000000 0.0100275 0.0201867 0.0946972 0.1302242 0.1410702 0.4813187 0.4986102 0.4049688 0.5309472 0.4047203 0.4679100 0.6072965 0.5742915 0.4933326 0.4624982 1.1735818 1.0797691 1.6839823 2.1014578 2.1547314 3.8997316 
NP_001230828.1                   0.0100275 0.0000000 0.0100238 0.0969046 0.1303037 0.1442176 0.4733496 0.4903719 0.3980774 0.5226706 0.3978161 0.4510590 0.5970543 0.5613496 0.4850745 0.4550716 1.1710075 1.0797691 1.6839823 2.0875979 2.1327819 3.8997316 
XP_018870627.1                   0.0201867 0.0100238 0.0000000 0.1083892 0.1421882 0.1564115 0.4908085 0.5081589 0.4144222 0.5413384 0.4028276 0.4547440 0.6176552 0.5420231 0.4894850 0.4725134 1.2070006 1.0849566 1.7405496 2.1042491 2.1433034 3.9554635 
XP_009231041.1                   0.0946972 0.0969046 0.1083892 0.0000000 0.0963833 0.0961516 0.4326526 0.4492180 0.3586787 0.4751204 0.4382097 0.4511107 0.6109448 0.5315949 0.4491324 0.4423622 1.2174444 1.1113186 1.7303762 2.1381040 2.2000140 3.9112801 
XP_009196973.1                   0.1302242 0.1303037 0.1421882 0.0963833 0.0000000 0.0205602 0.3928201 0.4086028 0.3217127 0.4636294 0.4300215 0.4287362 0.5392073 0.5020840 0.4124388 0.3787463 1.1022364 0.9990279 1.6741568 2.0567900 2.1637226 3.5843995 
XP_002801531.1                   0.1410702 0.1442176 0.1564115 0.0961516 0.0205602 0.0000000 0.3940669 0.4098598 0.3392055 0.4604587 0.4313268 0.4500174 0.5405210 0.5027622 0.4104872 0.3762154 1.1249653 0.9716672 1.7213701 2.0292798 2.1866609 3.7471860 
XP_004015363.1                   0.4813187 0.4733496 0.4908085 0.4326526 0.3928201 0.3940669 0.0000000 0.0099220 0.0716904 0.3024403 0.4064762 0.3994194 0.4692195 0.6897937 0.5624271 0.4818809 1.2370216 1.0461986 2.0276376 1.9931273 1.9835120 4.0706910 
XP_005701831.1                   0.4986102 0.4903719 0.5081589 0.4492180 0.4086028 0.4098598 0.0099220 0.0000000 0.0824639 0.3172004 0.4227037 0.4155783 0.4863489 0.6980843 0.5823409 0.4996725 1.2320492 1.0686528 2.0891546 2.0383068 2.0279608 4.2172955 
NP_001095850.1                   0.4049688 0.3980774 0.4144222 0.3586787 0.3217127 0.3392055 0.0716904 0.0824639 0.0000000 0.3250487 0.4018670 0.4024208 0.5023265 0.6675142 0.5498858 0.4457838 1.3382501 1.0101801 1.8665591 2.0494336 2.0415687 3.6934226 
XP_005653336.1                   0.5309472 0.5226706 0.5413384 0.4751204 0.4636294 0.4604587 0.3024403 0.3172004 0.3250487 0.0000000 0.3873980 0.4707798 0.4748075 0.5943977 0.4827998 0.4256151 1.1482181 0.9280437 1.7722973 2.3166913 2.2635315 3.9890063 
XP_001502426.1                   0.4047203 0.3978161 0.4028276 0.4382097 0.4300215 0.4313268 0.4064762 0.4227037 0.4018670 0.3873980 0.0000000 0.3295749 0.4492322 0.5136209 0.4484587 0.3801546 1.3295295 1.0133350 1.9664062 2.1547134 2.2711079 3.8775664 
NP_001003368.1                   0.4679100 0.4510590 0.4547440 0.4511107 0.4287362 0.4500174 0.3994194 0.4155783 0.4024208 0.4707798 0.3295749 0.0000000 0.4031869 0.5540606 0.5247024 0.5187311 1.3802462 1.0861934 1.9052234 2.1750227 2.2218804 3.9376482 
XP_003997697.1                   0.6072965 0.5970543 0.6176552 0.6109448 0.5392073 0.5405210 0.4692195 0.4863489 0.5023265 0.4748075 0.4492322 0.4031869 0.0000000 0.7643116 0.6851124 0.5578971 1.2932680 1.0201037 2.0643805 2.2197292 2.7301337 3.9128969 
NP_001264873.1                   0.5742915 0.5613496 0.5420231 0.5315949 0.5020840 0.5027622 0.6897937 0.6980843 0.6675142 0.5943977 0.5136209 0.5540606 0.7643116 0.0000000 0.2619959 0.5620522 1.4723718 1.0776042 2.1949842 2.2072415 2.2715202 3.8693523 
NP_001078821.1                   0.4933326 0.4850745 0.4894850 0.4491324 0.4124388 0.4104872 0.5624271 0.5823409 0.5498858 0.4827998 0.4484587 0.5247024 0.6851124 0.2619959 0.0000000 0.4102140 1.2724091 1.0030886 2.1898313 2.3463669 2.2880861 4.4452016 
XP_008250476.1                   0.4624982 0.4550716 0.4725134 0.4423622 0.3787463 0.3762154 0.4818809 0.4996725 0.4457838 0.4256151 0.3801546 0.5187311 0.5578971 0.5620522 0.4102140 0.0000000 1.2558217 1.0099957 1.6810627 2.0536615 2.2319137 4.3156846 
XP_007491646.1                   1.1735818 1.1710075 1.2070006 1.2174444 1.1022364 1.1249653 1.2370216 1.2320492 1.3382501 1.1482181 1.3295295 1.3802462 1.2932680 1.4723718 1.2724091 1.2558217 0.0000000 1.2333510 2.0989710 2.7811392 3.1705180 5.7956324 
XP_007659067.1                   1.0797691 1.0797691 1.0849566 1.1113186 0.9990279 0.9716672 1.0461986 1.0686528 1.0101801 0.9280437 1.0133350 1.0861934 1.0201037 1.0776042 1.0030886 1.0099957 1.2333510 0.0000000 1.5058864 1.7555712 2.0506671 2.7338748 
XP_004920591.1                   1.6839823 1.6839823 1.7405496 1.7303762 1.6741568 1.7213701 2.0276376 2.0891546 1.8665591 1.7722973 1.9664062 1.9052234 2.0643805 2.1949842 2.1898313 1.6810627 2.0989710 1.5058864 0.0000000 1.6274304 1.6652078 3.9616110 
NP_001027890.1                   2.1014578 2.0875979 2.1042491 2.1381040 2.0567900 2.0292798 1.9931273 2.0383068 2.0494336 2.3166913 2.1547134 2.1750227 2.2197292 2.2072415 2.3463669 2.0536615 2.7811392 1.7555712 1.6274304 0.0000000 0.6312964 3.1757152 
XP_691110.1                      2.1547314 2.1327819 2.1433034 2.2000140 2.1637226 2.1866609 1.9835120 2.0279608 2.0415687 2.2635315 2.2711079 2.2218804 2.7301337 2.2715202 2.2880861 2.2319137 3.1705180 2.0506671 1.6652078 0.6312964 0.0000000 4.4701119 
CM053038.1_Lithobates_sylvaticus 3.8997316 3.8997316 3.9554635 3.9112801 3.5843995 3.7471860 4.0706910 4.2172955 3.6934226 3.9890063 3.8775664 3.9376482 3.9128969 3.8693523 4.4452016 4.3156846 5.7956324 2.7338748 3.9616110 3.1757152 4.4701119 0.0000000 
