23
NP_001636.1             0.0000000 0.0116553 0.0116573 0.2532046 0.2532232 0.2540151 0.0974684 0.1373513 0.1506219 1.3205429 0.7779212 0.3679553 0.4179628 0.4157672 0.3875914 1.4531813 1.3106081 1.1553153 1.4467985 1.3406222 1.1900605 1.7980491 1.7810030 
XP_003316492.1          0.0116553 0.0000000 0.0234160 0.2679546 0.2679707 0.2688115 0.1101641 0.1505651 0.1639766 1.3070739 0.7938238 0.3847872 0.4137297 0.4114871 0.4052716 1.4925065 1.3454670 1.1866177 1.4848869 1.3787703 1.2226624 1.8020818 1.8174567 
XP_018870623.1          0.0116573 0.0234160 0.0000000 0.2394155 0.2394361 0.2401848 0.0851391 0.1246431 0.1378201 1.3388162 0.7845181 0.3619345 0.4112251 0.4191396 0.3810910 1.4607103 1.2918940 1.1388160 1.4260665 1.3200945 1.1727886 1.8421672 1.8312177 
XP_018870626.1          0.2532046 0.2679546 0.2394155 0.0000000 0.0241156 0.0486669 0.2239361 0.2276820 0.2424611 1.3107594 0.8249015 0.4639304 0.6294714 0.6049205 0.5708865 1.7264783 1.4232670 1.4147226 1.5120372 1.5138368 1.2584411 1.9319795 1.7457589 
sp|P0CE37.1|APO1A_PANTR 0.2532232 0.2679707 0.2394361 0.0241156 0.0000000 0.0241169 0.2105738 0.2263078 0.2410004 1.3194414 0.8288087 0.4473915 0.6110094 0.5864179 0.5526121 1.7311165 1.4273404 1.4187311 1.4660948 1.5183980 1.2621980 2.0012195 1.7457589 
sp|P0CE39.1|APO1A_PONAB 0.2540151 0.2688115 0.2401848 0.0486669 0.0241169 0.0000000 0.2112275 0.2270167 0.2417584 1.3052311 0.8505922 0.4833911 0.6131667 0.5885225 0.5546086 1.7660707 1.4564699 1.4603142 1.4958019 1.5568329 1.3013091 1.9972391 1.7620704 
XP_003779249.1          0.0974684 0.1101641 0.0851391 0.2239361 0.2105738 0.2112275 0.0000000 0.0355763 0.0476576 1.2042682 0.7236463 0.3088637 0.3501504 0.3500468 0.3167048 1.4258653 1.1818892 1.1174781 1.3738384 1.2338690 1.1252756 1.7444749 1.7664033 
XP_014979728.1          0.1373513 0.1505651 0.1246431 0.2276820 0.2263078 0.2270167 0.0355763 0.0000000 0.0118212 1.2498411 0.7395405 0.3124145 0.3735667 0.3693159 0.3403948 1.4668233 1.1964082 1.1565715 1.4326078 1.2440064 1.2045747 1.8240033 1.7241045 
XP_009196976.1          0.1506219 0.1639766 0.1378201 0.2424611 0.2410004 0.2417584 0.0476576 0.0118212 0.0000000 1.2878556 0.7683845 0.3284778 0.3906014 0.3865363 0.3573804 1.5119496 1.1643241 1.1565715 1.4760284 1.2440064 1.2410964 1.7676415 1.7890443 
XP_008505047.1          1.3205429 1.3070739 1.3388162 1.3107594 1.3194414 1.3052311 1.2042682 1.2498411 1.2878556 0.0000000 1.4290192 1.2919627 1.3973046 1.4219399 1.1944576 2.5806578 2.1185016 2.1492419 2.0790923 2.2384178 2.1641660 2.4744641 2.2764699 
XP_006941186.1          0.7779212 0.7938238 0.7845181 0.8249015 0.8288087 0.8505922 0.7236463 0.7395405 0.7683845 1.4290192 0.0000000 0.5831942 0.8210247 0.8340313 0.8058650 2.3542139 2.1343436 1.7125079 1.8161212 1.7224698 1.4932154 2.4541662 2.1855547 
NP_001183977.1          0.3679553 0.3847872 0.3619345 0.4639304 0.4473915 0.4833911 0.3088637 0.3124145 0.3284778 1.2919627 0.5831942 0.0000000 0.3748686 0.3102244 0.3033298 1.2130377 1.3182075 1.1177050 1.4316662 1.2212612 1.1718776 1.7449918 1.6076831 
NP_001103466.1          0.4179628 0.4137297 0.4112251 0.6294714 0.6110094 0.6131667 0.3501504 0.3735667 0.3906014 1.3973046 0.8210247 0.3748686 0.0000000 0.1702517 0.2954374 1.2805750 1.4628977 1.1359390 1.3463777 1.2806061 1.1016971 1.8541764 1.9371800 
NP_001103479.1          0.4157672 0.4114871 0.4191396 0.6049205 0.5864179 0.5885225 0.3500468 0.3693159 0.3865363 1.4219399 0.8340313 0.3102244 0.1702517 0.0000000 0.2781937 1.2298380 1.4630573 1.1353263 1.4387364 1.2947110 1.0765073 1.8401372 1.8047431 
NP_001153753.1          0.3875914 0.4052716 0.3810910 0.5708865 0.5526121 0.5546086 0.3167048 0.3403948 0.3573804 1.1944576 0.8058650 0.3033298 0.2954374 0.2781937 0.0000000 1.1258066 1.2040915 1.0442113 1.4021122 1.1218504 1.0619773 1.6229319 1.5923594 
XP_007491635.1          1.4531813 1.4925065 1.4607103 1.7264783 1.7311165 1.7660707 1.4258653 1.4668233 1.5119496 2.5806578 2.3542139 1.2130377 1.2805750 1.2298380 1.1258066 0.0000000 1.5156498 1.4939095 1.8408598 1.8427332 1.3334542 2.4780182 2.8642347 
XP_003230683.2          1.3106081 1.3454670 1.2918940 1.4232670 1.4273404 1.4564699 1.1818892 1.1964082 1.1643241 2.1185016 2.1343436 1.3182075 1.4628977 1.4630573 1.2040915 1.5156498 0.0000000 0.8515312 1.4839992 1.4076903 1.1935243 1.7949846 2.6612044 
XP_005289540.1          1.1553153 1.1866177 1.1388160 1.4147226 1.4187311 1.4603142 1.1174781 1.1565715 1.1565715 2.1492419 1.7125079 1.1177050 1.1359390 1.1353263 1.0442113 1.4939095 0.8515312 0.0000000 1.2664082 1.2611358 0.9103899 1.6516057 2.3348011 
XP_002941078.2          1.4467985 1.4848869 1.4260665 1.5120372 1.4660948 1.4958019 1.3738384 1.4326078 1.4760284 2.0790923 1.8161212 1.4316662 1.3463777 1.4387364 1.4021122 1.8408598 1.4839992 1.2664082 0.0000000 1.2985426 0.9895761 2.1841126 2.4379553 
XP_004078303.1          1.3406222 1.3787703 1.3200945 1.5138368 1.5183980 1.5568329 1.2338690 1.2440064 1.2440064 2.2384178 1.7224698 1.2212612 1.2806061 1.2947110 1.1218504 1.8427332 1.4076903 1.2611358 1.2985426 0.0000000 0.9327288 2.1212807 2.1956206 
NP_001278815.1          1.1900605 1.2226624 1.1727886 1.2584411 1.2621980 1.3013091 1.1252756 1.2045747 1.2410964 2.1641660 1.4932154 1.1718776 1.1016971 1.0765073 1.0619773 1.3334542 1.1935243 0.9103899 0.9895761 0.9327288 0.0000000 2.0431967 2.0217620 
GJQV01093856            1.7980491 1.8020818 1.8421672 1.9319795 2.0012195 1.9972391 1.7444749 1.8240033 1.7676415 2.4744641 2.4541662 1.7449918 1.8541764 1.8401372 1.6229319 2.4780182 1.7949846 1.6516057 2.1841126 2.1212807 2.0431967 0.0000000 0.8312487 
JAQSEC010000013         1.7810030 1.8174567 1.8312177 1.7457589 1.7457589 1.7620704 1.7664033 1.7241045 1.7890443 2.2764699 2.1855547 1.6076831 1.9371800 1.8047431 1.5923594 2.8642347 2.6612044 2.3348011 2.4379553 2.1956206 2.0217620 0.8312487 0.0000000 
