22
NP_001636.1                      0.0000000 0.0120354 0.0120081 0.2631030 0.2624939 0.2622385 0.1001436 0.1412843 0.1549436 1.5431375 0.8629026 0.3921909 0.4533333 0.4408403 0.4138163 1.6364742 1.4565457 1.3135077 1.6737903 1.5599813 1.3951329 1.5387589 
XP_003316492.1                   0.0120354 0.0000000 0.0241416 0.2785249 0.2778789 0.2776102 0.1132708 0.1549813 0.1687929 1.5211441 0.8859794 0.4100110 0.4462037 0.4338405 0.4326849 1.6748032 1.4921982 1.3465856 1.7120325 1.6003038 1.4302432 1.5260069 
XP_018870623.1                   0.0120081 0.0241416 0.0000000 0.2482070 0.2476327 0.2473905 0.0872612 0.1278971 0.1414261 1.5635441 0.8611689 0.3832661 0.4432019 0.4425120 0.4041352 1.6323934 1.4307426 1.2899109 1.6455592 1.5305425 1.3698488 1.5615912 
XP_018870626.1                   0.2631030 0.2785249 0.2482070 0.0000000 0.0248838 0.0500577 0.2325785 0.2369286 0.2522941 1.5195945 0.9046798 0.4957014 0.6847678 0.6433894 0.6101194 1.9507070 1.5829320 1.6072995 1.7101941 1.7553783 1.4944818 1.5672634 
sp|P0CE37.1|APO1A_PANTR          0.2624939 0.2778789 0.2476327 0.0248838 0.0000000 0.0247383 0.2184173 0.2353675 0.2506360 1.5217364 0.9092107 0.4772001 0.6635614 0.6225819 0.5893555 1.9471866 1.5805989 1.6047000 1.6530089 1.7524164 1.4921286 1.6744004 
sp|P0CE39.1|APO1A_PONAB          0.2622385 0.2776102 0.2473905 0.0500577 0.0247383 0.0000000 0.2182007 0.2351337 0.2503883 1.4997587 0.9298310 0.5127078 0.6629851 0.6220239 0.5888065 1.9729986 1.6027590 1.6342940 1.6753537 1.7904306 1.5208377 1.6598594 
XP_003779249.1                   0.1001436 0.1132708 0.0872612 0.2325785 0.2184173 0.2182007 0.0000000 0.0364977 0.0488969 1.3986546 0.7881687 0.3248511 0.3743687 0.3632804 0.3314059 1.5880687 1.2987784 1.2512774 1.5665996 1.4480358 1.2947957 1.6452721 
XP_014979728.1                   0.1412843 0.1549813 0.1278971 0.2369286 0.2353675 0.2351337 0.0364977 0.0000000 0.0121401 1.4538423 0.8048229 0.3291731 0.3982344 0.3837610 0.3567337 1.6371865 1.3249478 1.2950380 1.6326535 1.4639625 1.3959330 1.7699881 
XP_009196976.1                   0.1549436 0.1687929 0.1414261 0.2522941 0.2506360 0.2503883 0.0488969 0.0121401 0.0000000 1.4966047 0.8356502 0.3459073 0.4162576 0.4015371 0.3745133 1.6833807 1.2902074 1.2950380 1.6785128 1.4639625 1.4369884 1.8286370 
XP_008505047.1                   1.5431375 1.5211441 1.5635441 1.5195945 1.5217364 1.4997587 1.3986546 1.4538423 1.4966047 0.0000000 1.6474526 1.4809494 1.6127602 1.6435769 1.3709362 3.0853666 2.4635773 2.5449770 2.5050315 2.6952758 2.6698598 2.6663124 
XP_006941186.1                   0.8629026 0.8859794 0.8611689 0.9046798 0.9092107 0.9298310 0.7881687 0.8048229 0.8356502 1.6474526 0.0000000 0.6317136 0.9259744 0.9359268 0.8872064 2.7241752 2.4513066 1.9364894 2.0785863 2.0302494 1.7421299 2.8087831 
NP_001183977.1                   0.3921909 0.4100110 0.3832661 0.4957014 0.4772001 0.5127078 0.3248511 0.3291731 0.3459073 1.4809494 0.6317136 0.0000000 0.4035079 0.3324000 0.3238302 1.3990068 1.4843886 1.2643282 1.6387644 1.4585632 1.3732883 1.8299258 
NP_001103466.1                   0.4533333 0.4462037 0.4432019 0.6847678 0.6635614 0.6629851 0.3743687 0.3982344 0.4162576 1.6127602 0.9259744 0.4035079 0.0000000 0.1748540 0.3124787 1.4751508 1.6678705 1.2900722 1.5990165 1.5632684 1.3257752 2.0110148 
NP_001103479.1                   0.4408403 0.4338405 0.4425120 0.6433894 0.6225819 0.6220239 0.3632804 0.3837610 0.4015371 1.6435769 0.9359268 0.3324000 0.1748540 0.0000000 0.2938706 1.3828280 1.6362521 1.2665678 1.6576722 1.5838044 1.2579242 1.9308557 
NP_001153753.1                   0.4138163 0.4326849 0.4041352 0.6101194 0.5893555 0.5888065 0.3314059 0.3567337 0.3745133 1.3709362 0.8872064 0.3238302 0.3124787 0.2938706 0.0000000 1.2593130 1.3438013 1.1826506 1.5994972 1.3623759 1.2631087 1.6563996 
XP_007491635.1                   1.6364742 1.6748032 1.6323934 1.9507070 1.9471866 1.9729986 1.5880687 1.6371865 1.6833807 3.0853666 2.7241752 1.3990068 1.4751508 1.3828280 1.2593130 0.0000000 1.7637726 1.6211708 2.1656678 2.1732624 1.5831827 2.9469304 
XP_003230683.2                   1.4565457 1.4921982 1.4307426 1.5829320 1.5805989 1.6027590 1.2987784 1.3249478 1.2902074 2.4635773 2.4513066 1.4843886 1.6678705 1.6362521 1.3438013 1.7637726 0.0000000 0.9178240 1.7156535 1.6540680 1.4168265 2.7380802 
XP_005289540.1                   1.3135077 1.3465856 1.2899109 1.6072995 1.6047000 1.6342940 1.2512774 1.2950380 1.2950380 2.5449770 1.9364894 1.2643282 1.2900722 1.2665678 1.1826506 1.6211708 0.9178240 0.0000000 1.4676589 1.5148417 1.0751947 2.3523958 
XP_002941078.2                   1.6737903 1.7120325 1.6455592 1.7101941 1.6530089 1.6753537 1.5665996 1.6326535 1.6785128 2.5050315 2.0785863 1.6387644 1.5990165 1.6576722 1.5994972 2.1656678 1.7156535 1.4676589 0.0000000 1.5707855 1.1718319 2.4076725 
XP_004078303.1                   1.5599813 1.6003038 1.5305425 1.7553783 1.7524164 1.7904306 1.4480358 1.4639625 1.4639625 2.6952758 2.0302494 1.4585632 1.5632684 1.5838044 1.3623759 2.1732624 1.6540680 1.5148417 1.5707855 0.0000000 1.0754087 2.4238939 
NP_001278815.1                   1.3951329 1.4302432 1.3698488 1.4944818 1.4921286 1.5208377 1.2947957 1.3959330 1.4369884 2.6698598 1.7421299 1.3732883 1.3257752 1.2579242 1.2631087 1.5831827 1.4168265 1.0751947 1.1718319 1.0754087 0.0000000 2.1474066 
CM053038.1_Lithobates_sylvaticus 1.5387589 1.5260069 1.5615912 1.5672634 1.6744004 1.6598594 1.6452721 1.7699881 1.8286370 2.6663124 2.8087831 1.8299258 2.0110148 1.9308557 1.6563996 2.9469304 2.7380802 2.3523958 2.4076725 2.4238939 2.1474066 0.0000000 
