18
NP_001637.1     0.0000000 0.0433434 0.0530667 0.1706677 0.1508062 0.0708690 0.6293919 0.6396174 0.6339006 0.6936422 0.6523804 0.6053568 0.7097391 1.0133136 0.6829224 0.6443856 3.4643450 3.0689130 
XP_004060989.2  0.0433434 0.0000000 0.0437234 0.1592372 0.1396886 0.0613027 0.6076436 0.6118486 0.5969276 0.7038406 0.6481881 0.6004293 0.6375608 0.9632110 0.6814604 0.6431891 3.3850087 2.9397509 
XP_003316494.1  0.0530667 0.0437234 0.0000000 0.1499543 0.1304512 0.0525596 0.5864768 0.6076448 0.6055899 0.6815731 0.6725306 0.6035348 0.6625713 0.9379885 0.6704310 0.6320888 3.4538090 3.0017115 
NP_001182066.1  0.1706677 0.1592372 0.1499543 0.0000000 0.0342420 0.1375756 0.6552121 0.6582028 0.6299779 0.7480918 0.7322747 0.6557848 0.6915130 1.0060186 0.7185323 0.7248578 3.6298775 3.2150084 
XP_009196974.1  0.1508062 0.1396886 0.1304512 0.0342420 0.0000000 0.1185478 0.6119714 0.6300291 0.6346623 0.7293423 0.6854801 0.6387316 0.6497165 0.9937096 0.6720632 0.6774526 3.4326497 3.0665978 
XP_002829428.1  0.0708690 0.0613027 0.0525596 0.1375756 0.1185478 0.0000000 0.5622094 0.5926606 0.5699402 0.6432152 0.6054395 0.5605466 0.6253058 0.9409738 0.6556742 0.6182252 3.2087462 2.9681037 
XP_001502417.1  0.6293919 0.6076436 0.5864768 0.6552121 0.6119714 0.5622094 0.0000000 0.5500725 0.4681275 0.5114442 0.4283836 0.4552198 0.5681555 0.7621515 0.5695426 0.5866449 3.1162445 3.6800298 
NP_001167603.1  0.6396174 0.6118486 0.6076448 0.6582028 0.6300291 0.5926606 0.5500725 0.0000000 0.3998921 0.4630410 0.4814317 0.4105047 0.5273614 0.7749278 0.6595231 0.6183351 3.5183631 3.1210084 
XP_855163.1     0.6339006 0.5969276 0.6055899 0.6299779 0.6346623 0.5699402 0.4681275 0.3998921 0.0000000 0.4930240 0.5309760 0.4327635 0.5547452 0.6393670 0.6276743 0.5702642 3.0353757 4.0449440 
XP_004015362.1  0.6936422 0.7038406 0.6815731 0.7480918 0.7293423 0.6432152 0.5114442 0.4630410 0.4930240 0.0000000 0.0918439 0.0887643 0.6469523 0.7489114 0.7035447 0.6524904 3.1943356 3.1503398 
XP_005701836.1  0.6523804 0.6481881 0.6725306 0.7322747 0.6854801 0.6054395 0.4283836 0.4814317 0.5309760 0.0918439 0.0000000 0.0903277 0.6855213 0.8647741 0.6595086 0.6249478 3.2438188 2.8554735 
NP_001029979.1  0.6053568 0.6004293 0.6035348 0.6557848 0.6387316 0.5605466 0.4552198 0.4105047 0.4327635 0.0887643 0.0903277 0.0000000 0.5853891 0.7387539 0.6479833 0.5819448 3.3784731 3.1817698 
NP_001075834.1  0.7097391 0.6375608 0.6625713 0.6915130 0.6497165 0.6253058 0.5681555 0.5273614 0.5547452 0.6469523 0.6855213 0.5853891 0.0000000 0.8023323 0.5893342 0.5495387 3.5660693 3.1753590 
XP_006941182.1  1.0133136 0.9632110 0.9379885 1.0060186 0.9937096 0.9409738 0.7621515 0.7749278 0.6393670 0.7489114 0.8647741 0.7387539 0.8023323 0.0000000 0.7940281 0.7523624 3.0202875 3.6592269 
NP_031411.1     0.6829224 0.6814604 0.6704310 0.7185323 0.6720632 0.6556742 0.5695426 0.6595231 0.6276743 0.7035447 0.6595086 0.6479833 0.5893342 0.7940281 0.0000000 0.1545563 4.0635897 4.1152803 
NP_001102889.1  0.6443856 0.6431891 0.6320888 0.7248578 0.6774526 0.6182252 0.5866449 0.6183351 0.5702642 0.6524904 0.6249478 0.5819448 0.5495387 0.7523624 0.1545563 0.0000000 3.6283252 3.9731569 
GJQV01093856    3.4643450 3.3850087 3.4538090 3.6298775 3.4326497 3.2087462 3.1162445 3.5183631 3.0353757 3.1943356 3.2438188 3.3784731 3.5660693 3.0202875 4.0635897 3.6283252 0.0000000 1.0255084 
JAQSEC010000013 3.0689130 2.9397509 3.0017115 3.2150084 3.0665978 2.9681037 3.6800298 3.1210084 4.0449440 3.1503398 2.8554735 3.1817698 3.1753590 3.6592269 4.1152803 3.9731569 1.0255084 0.0000000 
