27
NP_000032.1                      0.0000000 0.0295131 0.0560129 0.0335589 0.0644737 0.0835913 0.4315689 0.4165468 0.4066058 0.4475032 0.3639915 0.3324217 0.4441047 0.4282178 0.4003448 0.3752832 1.0187881 1.2905738 2.0134355 1.6495259 2.2611225 1.6258037 2.4301771 2.2772069 2.2345162 3.1661641 2.4041795 
NP_001009007.1                   0.0295131 0.0000000 0.0449088 0.0140215 0.0575252 0.0704617 0.4109262 0.3952956 0.3988131 0.4284678 0.3419817 0.3186958 0.4151470 0.4216621 0.3901562 0.3621445 1.0476809 1.2520769 1.9671139 1.5995926 2.2191950 1.5651387 2.4050858 2.2777406 2.1773154 3.1179681 2.4311566 
XP_002829426.1                   0.0560129 0.0449088 0.0000000 0.0622444 0.0752474 0.0981476 0.4312443 0.4133313 0.4096214 0.4565416 0.3734510 0.3334104 0.4581116 0.4397498 0.3915115 0.3731121 1.0456340 1.2419898 2.0220762 1.6538499 2.2320905 1.5964003 2.4003405 2.2225974 2.1977768 3.0567038 2.7089406 
XP_004061033.1                   0.0335589 0.0140215 0.0622444 0.0000000 0.0691704 0.0896063 0.3718674 0.3418054 0.3543127 0.3816676 0.3253304 0.3125233 0.3073597 0.4607666 0.3726145 0.3399682 1.0004207 1.2332279 1.7558399 1.3576029 1.8797005 1.5439839 2.1732843 2.1063021 1.8345283 2.9285828 2.5209851 
XP_003918648.1                   0.0644737 0.0575252 0.0752474 0.0691704 0.0000000 0.0194489 0.4073473 0.3962240 0.3960631 0.4225035 0.3112759 0.3339493 0.3964833 0.4067994 0.3793020 0.3614752 1.0646466 1.2274494 2.0320336 1.6565192 2.2600378 1.6090733 2.4498691 2.2950512 2.2111217 3.2859411 2.3152966 
XP_001104482.2                   0.0835913 0.0704617 0.0981476 0.0896063 0.0194489 0.0000000 0.4334087 0.4278844 0.4179768 0.4507062 0.3201876 0.3598936 0.3887732 0.4271991 0.3825422 0.3666931 1.0795252 1.2362964 2.1108302 1.5620560 2.2130227 1.6090733 2.2546379 2.1824756 2.0752061 3.3187158 2.2239208 
XP_005701832.1                   0.4315689 0.4109262 0.4312443 0.3718674 0.4073473 0.4334087 0.0000000 0.0269523 0.0864472 0.4943506 0.2537092 0.4618919 0.4256628 0.3765233 0.4781859 0.4966176 1.1747021 1.3319228 2.0313315 1.5750942 2.1412104 1.6521856 2.5144894 2.4081568 2.1120332 3.0950970 2.2590062 
XP_004015786.1                   0.4165468 0.3952956 0.4133313 0.3418054 0.3962240 0.4278844 0.0269523 0.0000000 0.1004590 0.5921894 0.2300608 0.4554608 0.4123284 0.3508173 0.4960284 0.5146265 1.1489934 1.2874210 1.9926916 1.5927197 2.1074261 1.6521856 2.5233899 2.3585953 2.1204430 3.0284830 2.1019463 
NP_776416.1                      0.4066058 0.3988131 0.4096214 0.3543127 0.3960631 0.4179768 0.0864472 0.1004590 0.0000000 0.4947650 0.2702695 0.4485110 0.4193287 0.3905793 0.4964513 0.5028000 1.1735113 1.3193449 2.0633809 1.6146742 2.1665428 1.6933325 2.4860163 2.3967860 2.1782643 3.1196668 2.2051246 
XP_005616517.1                   0.4475032 0.4284678 0.4565416 0.3816676 0.4225035 0.4507062 0.4943506 0.5921894 0.4947650 0.0000000 0.1902975 0.5006682 0.4796993 0.5427496 0.5390742 0.5222041 1.1841257 1.3239687 2.0377538 1.6448647 2.1867371 1.6154882 2.3665845 2.2252644 2.0804541 3.0437004 2.5407019 
XP_003997740.1                   0.3639915 0.3419817 0.3734510 0.3253304 0.3112759 0.3201876 0.2537092 0.2300608 0.2702695 0.1902975 0.0000000 0.4041657 0.2612380 0.3718364 0.3565156 0.3703386 1.1700181 1.1803323 1.9067642 1.3812234 1.8122432 1.6076436 2.1004335 2.0623188 1.9234898 2.9039292 2.1007206 
NP_001076112.1                   0.3324217 0.3186958 0.3334104 0.3125233 0.3339493 0.3598936 0.4618919 0.4554608 0.4485110 0.5006682 0.4041657 0.0000000 0.4713171 0.4886751 0.4748416 0.4685726 1.1373583 1.3115106 2.1130697 1.7561930 2.2087660 1.6983382 2.5115702 2.3311558 2.1775915 3.3130946 2.6550131 
XP_005614820.1                   0.4441047 0.4151470 0.4581116 0.3073597 0.3964833 0.3887732 0.4256628 0.4123284 0.4193287 0.4796993 0.2612380 0.4713171 0.0000000 0.4800436 0.4835715 0.4815081 1.1397930 1.3632790 2.0045224 1.4747367 2.0073853 1.5546585 2.0682141 2.0559369 1.9662245 2.8403317 2.1944984 
NP_999473.1                      0.4282178 0.4216621 0.4397498 0.4607666 0.4067994 0.4271991 0.3765233 0.3508173 0.3905793 0.5427496 0.3718364 0.4886751 0.4800436 0.0000000 0.4864218 0.4704957 1.2272367 1.4879235 2.0930960 1.6604675 2.1970229 1.6733631 2.5025537 2.3767790 2.3156560 3.0499259 2.6162667 
NP_001257612.1                   0.4003448 0.3901562 0.3915115 0.3726145 0.3793020 0.3825422 0.4781859 0.4960284 0.4964513 0.5390742 0.3565156 0.4748416 0.4835715 0.4864218 0.0000000 0.0847376 1.0411621 1.2050292 1.9504709 1.5765434 2.0944459 1.4977438 2.2765375 2.1459736 2.0917454 2.9615473 2.2649958 
NP_033826.2                      0.3752832 0.3621445 0.3731121 0.3399682 0.3614752 0.3666931 0.4966176 0.5146265 0.5028000 0.5222041 0.3703386 0.4685726 0.4815081 0.4704957 0.0847376 0.0000000 1.0527941 1.2399305 1.9754467 1.5292290 2.0464673 1.4905755 2.2386982 2.1529982 2.1144731 2.9993255 2.2815122 
XP_007491633.1                   1.0187881 1.0476809 1.0456340 1.0004207 1.0646466 1.0795252 1.1747021 1.1489934 1.1735113 1.1841257 1.1700181 1.1373583 1.1397930 1.2272367 1.0411621 1.0527941 0.0000000 1.4359826 2.0324776 1.7678685 2.0340630 1.5665989 2.4267593 2.0706673 2.0702337 3.0769604 3.0836436 
XP_007656348.1                   1.2905738 1.2520769 1.2419898 1.2332279 1.2274494 1.2362964 1.3319228 1.2874210 1.3193449 1.3239687 1.1803323 1.3115106 1.3632790 1.4879235 1.2050292 1.2399305 1.4359826 0.0000000 1.8900005 1.6101435 2.0806184 1.4461347 2.5509753 2.4735075 2.0314533 3.0656716 2.7768475 
XP_005999187.1                   2.0134355 1.9671139 2.0220762 1.7558399 2.0320336 2.1108302 2.0313315 1.9926916 2.0633809 2.0377538 1.9067642 2.1130697 2.0045224 2.0930960 1.9504709 1.9754467 2.0324776 1.8900005 0.0000000 1.1014233 1.3778340 0.9643141 1.7298595 1.7041369 1.3085725 2.2290099 3.2779956 
XP_005289542.1                   1.6495259 1.5995926 1.6538499 1.3576029 1.6565192 1.5620560 1.5750942 1.5927197 1.6146742 1.6448647 1.3812234 1.7561930 1.4747367 1.6604675 1.5765434 1.5292290 1.7678685 1.6101435 1.1014233 0.0000000 1.1548161 1.0596560 1.9155315 1.8224366 1.3017024 2.2343789 2.9643413 
XP_002941085.2                   2.2611225 2.2191950 2.2320905 1.8797005 2.2600378 2.2130227 2.1412104 2.1074261 2.1665428 2.1867371 1.8122432 2.2087660 2.0073853 2.1970229 2.0944459 2.0464673 2.0340630 2.0806184 1.3778340 1.1548161 0.0000000 1.1142253 2.0868128 1.9219309 1.4795675 2.7011983 3.2149372 
XP_015191895.1                   1.6258037 1.5651387 1.5964003 1.5439839 1.6090733 1.6090733 1.6521856 1.6521856 1.6933325 1.6154882 1.6076436 1.6983382 1.5546585 1.6733631 1.4977438 1.4905755 1.5665989 1.4461347 0.9643141 1.0596560 1.1142253 0.0000000 1.2984414 1.0079341 1.0648527 2.4111553 3.8502185 
XP_004078300.1                   2.4301771 2.4050858 2.4003405 2.1732843 2.4498691 2.2546379 2.5144894 2.5233899 2.4860163 2.3665845 2.1004335 2.5115702 2.0682141 2.5025537 2.2765375 2.2386982 2.4267593 2.5509753 1.7298595 1.9155315 2.0868128 1.2984414 0.0000000 0.8097334 1.4054722 2.9021917 3.0521698 
NP_001072103.1                   2.2772069 2.2777406 2.2225974 2.1063021 2.2950512 2.1824756 2.4081568 2.3585953 2.3967860 2.2252644 2.0623188 2.3311558 2.0559369 2.3767790 2.1459736 2.1529982 2.0706673 2.4735075 1.7041369 1.8224366 1.9219309 1.0079341 0.8097334 0.0000000 1.4278551 2.9352166 3.7255543 
NP_001018401.1                   2.2345162 2.1773154 2.1977768 1.8345283 2.2111217 2.0752061 2.1120332 2.1204430 2.1782643 2.0804541 1.9234898 2.1775915 1.9662245 2.3156560 2.0917454 2.1144731 2.0702337 2.0314533 1.3085725 1.3017024 1.4795675 1.0648527 1.4054722 1.4278551 0.0000000 2.1982061 2.3784439 
XP_003229179.2                   3.1661641 3.1179681 3.0567038 2.9285828 3.2859411 3.3187158 3.0950970 3.0284830 3.1196668 3.0437004 2.9039292 3.3130946 2.8403317 3.0499259 2.9615473 2.9993255 3.0769604 3.0656716 2.2290099 2.2343789 2.7011983 2.4111553 2.9021917 2.9352166 2.1982061 0.0000000 3.7193892 
CM053038.1_Lithobates_sylvaticus 2.4041795 2.4311566 2.7089406 2.5209851 2.3152966 2.2239208 2.2590062 2.1019463 2.2051246 2.5407019 2.1007206 2.6550131 2.1944984 2.6162667 2.2649958 2.2815122 3.0836436 2.7768475 3.2779956 2.9643413 3.2149372 3.8502185 3.0521698 3.7255543 2.3784439 3.7193892 0.0000000 
