26
_GEGH01045879    0.0000000 0.2762213 0.3458878 0.6451475 0.3622818 0.4787471 0.3756948 0.5168077 0.3815236 0.3699109 0.3718205 0.3913968 0.3795513 0.5216597 0.3756948 0.3855249 0.4534564 0.3052808 0.4122587 0.4152092 0.3950908 0.4018732 0.5795509 0.5795509 0.4018732 0.4018732 
_GEGG01042616    0.2762213 0.0000000 0.3094829 0.5243292 0.3306151 0.4447306 0.4167280 0.5702553 0.3184568 0.3436769 0.3835147 0.3795513 0.3718205 0.5094440 0.3621068 0.3454236 0.4562077 0.3138790 0.3622818 0.3685224 0.3500526 0.3565311 0.4855848 0.4855848 0.3565311 0.3565311 
_CATNWA010016741 0.3458878 0.3094829 0.0000000 0.3839209 0.2137862 0.2575884 0.2674586 0.3371568 0.2086258 0.2384708 0.2300539 0.2300539 0.2077165 0.2793712 0.2248138 0.2248138 0.2560857 0.2147794 0.2238094 0.2574536 0.2274570 0.2482257 0.3306271 0.3306271 0.2482257 0.2482257 
_BLSH010535194   0.6451475 0.5243292 0.3839209 0.0000000 0.2128914 0.2128914 0.2176976 0.2176976 0.1890219 0.2375767 0.3253993 0.2486010 0.2700304 0.2700304 0.2201867 0.2294917 0.3880219 0.2203299 0.2281746 0.2393701 0.2222059 0.2281746 0.2281746 0.2281746 0.2281746 0.2281746 
_GJEE01021557    0.3622818 0.3306151 0.2137862 0.2128914 0.0000000 0.0000010 0.1441390 0.1777003 0.1124743 0.1307707 0.1637695 0.1333229 0.1328042 0.1704222 0.1133118 0.1501697 0.1980270 0.1153976 0.1365807 0.1491717 0.1262941 0.1365807 0.1669184 0.1669184 0.1365807 0.1365807 
_GJEE01021551    0.4787471 0.4447306 0.2575884 0.2128914 0.0000010 0.0000000 0.1777003 0.1777003 0.1340736 0.1590262 0.2140724 0.1713222 0.1704222 0.1704222 0.1353903 0.1859999 0.2614492 0.1456135 0.1669184 0.1761251 0.1532785 0.1669184 0.1669184 0.1669184 0.1669184 0.1669184 
_GGLB01156041    0.3756948 0.4167280 0.2674586 0.2176976 0.1441390 0.1777003 0.0000000 0.0000010 0.1030751 0.1259842 0.1322897 0.1333229 0.1269565 0.1465249 0.1085875 0.1464450 0.1924817 0.1075952 0.1458613 0.1731362 0.1480004 0.1594610 0.1998129 0.1998129 0.1594610 0.1594610 
_GGLB01186709    0.5168077 0.5702553 0.3371568 0.2176976 0.1777003 0.1777003 0.0000010 0.0000000 0.1219004 0.1527938 0.1695320 0.1713222 0.1623313 0.1465249 0.1292622 0.1815331 0.2538529 0.1339825 0.1805589 0.2102039 0.1841215 0.1998129 0.1998129 0.1998129 0.1998129 0.1998129 
_GKLC01412017    0.3815236 0.3184568 0.2086258 0.1890219 0.1124743 0.1340736 0.1030751 0.1219004 0.0000000 0.0801915 0.1085875 0.0915667 0.0865888 0.1140963 0.0450382 0.1102311 0.1333123 0.1085748 0.0918987 0.1151680 0.0989555 0.1034577 0.1374167 0.1374167 0.1034577 0.1034577 
_JARGYO010000011 0.3699109 0.3436769 0.2384708 0.2375767 0.1307707 0.1590262 0.1259842 0.1527938 0.0801915 0.0000000 0.0859702 0.0756052 0.0702591 0.0850816 0.0705053 0.1657905 0.1763663 0.1293319 0.1381794 0.1583677 0.1407248 0.1452825 0.1795954 0.1795954 0.1452825 0.1452825 
_JAJQKJ010002606 0.3718205 0.3835147 0.2300539 0.3253993 0.1637695 0.2140724 0.1322897 0.1695320 0.1085875 0.0859702 0.0000000 0.0545933 0.0402005 0.0517659 0.1030751 0.1664757 0.1924817 0.1217511 0.1519782 0.1796674 0.1474040 0.1657905 0.2176976 0.2176976 0.1657905 0.1657905 
_GGNS01048791    0.3913968 0.3795513 0.2300539 0.2486010 0.1333229 0.1713222 0.1333229 0.1713222 0.0915667 0.0756052 0.0545933 0.0000000 0.0129315 0.0164860 0.0929099 0.1476272 0.1860399 0.1299406 0.1338459 0.1603177 0.1292729 0.1470336 0.1910939 0.1910939 0.1470336 0.1470336 
_CAJIML010011253 0.3795513 0.3718205 0.2077165 0.2700304 0.1328042 0.1704222 0.1269565 0.1623313 0.0865888 0.0702591 0.0402005 0.0129315 0.0000000 0.0108813 0.0925703 0.1470336 0.1851806 0.1293319 0.1333229 0.1596622 0.1287663 0.1464450 0.1900521 0.1900521 0.1464450 0.1464450 
_VIAC01347839    0.5216597 0.5094440 0.2793712 0.2700304 0.1704222 0.1704222 0.1465249 0.1465249 0.1140963 0.0850816 0.0517659 0.0164860 0.0108813 0.0000000 0.1080129 0.1740825 0.2429851 0.1557099 0.1551656 0.1828181 0.1492848 0.1731522 0.1731522 0.1731522 0.1731522 0.1731522 
_JAQSEC010000013 0.3756948 0.3621068 0.2248138 0.2201867 0.1133118 0.1353903 0.1085875 0.1292622 0.0450382 0.0705053 0.1030751 0.0929099 0.0925703 0.1080129 0.0000000 0.1225858 0.1201797 0.0952073 0.0979836 0.1217936 0.1052798 0.1098154 0.1465249 0.1465249 0.1098154 0.1098154 
_GAEG01030218    0.3855249 0.3454236 0.2248138 0.2294917 0.1501697 0.1859999 0.1464450 0.1815331 0.1102311 0.1657905 0.1664757 0.1476272 0.1470336 0.1740825 0.1225858 0.0000000 0.1178883 0.0326548 0.0407332 0.0505250 0.0315441 0.0407332 0.0526576 0.0526576 0.0407332 0.0407332 
_GDDO01105572    0.4534564 0.4562077 0.2560857 0.3880219 0.1980270 0.2614492 0.1924817 0.2538529 0.1333123 0.1763663 0.1924817 0.1860399 0.1851806 0.2429851 0.1201797 0.1178883 0.0000000 0.0825598 0.0852861 0.0980505 0.0925353 0.0973855 0.1254122 0.1254122 0.0915362 0.0915362 
_GDDO01098381    0.3052808 0.3138790 0.2147794 0.2203299 0.1153976 0.1456135 0.1075952 0.1339825 0.1085748 0.1293319 0.1217511 0.1299406 0.1293319 0.1557099 0.0952073 0.0326548 0.0825598 0.0000000 0.0212604 0.0213740 0.0105770 0.0158521 0.0215448 0.0215448 0.0158521 0.0158521 
_GDDO01096559    0.4122587 0.3622818 0.2238094 0.2281746 0.1365807 0.1669184 0.1458613 0.1805589 0.0918987 0.1381794 0.1519782 0.1338459 0.1333229 0.1551656 0.0979836 0.0407332 0.0852861 0.0212604 0.0000000 0.0264395 0.0130860 0.0173802 0.0222047 0.0222047 0.0173802 0.0173802 
_GDDO01104399    0.4152092 0.3685224 0.2574536 0.2393701 0.1491717 0.1761251 0.1731362 0.2102039 0.1151680 0.1583677 0.1796674 0.1603177 0.1596622 0.1828181 0.1217936 0.0505250 0.0980505 0.0213740 0.0264395 0.0000000 0.0130603 0.0085910 0.0054377 0.0054377 0.0085910 0.0085910 
_GDDO01098681    0.3950908 0.3500526 0.2274570 0.2222059 0.1262941 0.1532785 0.1480004 0.1841215 0.0989555 0.1407248 0.1474040 0.1292729 0.1287663 0.1492848 0.1052798 0.0315441 0.0925353 0.0105770 0.0130860 0.0130603 0.0000000 0.0042937 0.0054675 0.0054675 0.0042937 0.0042937 
_LH380687        0.4018732 0.3565311 0.2482257 0.2281746 0.1365807 0.1669184 0.1594610 0.1998129 0.1034577 0.1452825 0.1657905 0.1470336 0.1464450 0.1731522 0.1098154 0.0407332 0.0973855 0.0158521 0.0173802 0.0085910 0.0042937 0.0000000 0.0000010 0.0000010 0.0000010 0.0000010 
_LIAG020987184   0.5795509 0.4855848 0.3306271 0.2281746 0.1669184 0.1669184 0.1998129 0.1998129 0.1374167 0.1795954 0.2176976 0.1910939 0.1900521 0.1731522 0.1465249 0.0526576 0.1254122 0.0215448 0.0222047 0.0054377 0.0054675 0.0000010 0.0000000 0.0000010 0.0000010 0.0000010 
_GFBS01545641    0.5795509 0.4855848 0.3306271 0.2281746 0.1669184 0.1669184 0.1998129 0.1998129 0.1374167 0.1795954 0.2176976 0.1910939 0.1900521 0.1731522 0.1465249 0.0526576 0.1254122 0.0215448 0.0222047 0.0054377 0.0054675 0.0000010 0.0000010 0.0000000 0.0000010 0.0000010 
_LH353456        0.4018732 0.3565311 0.2482257 0.2281746 0.1365807 0.1669184 0.1594610 0.1998129 0.1034577 0.1452825 0.1657905 0.1470336 0.1464450 0.1731522 0.1098154 0.0407332 0.0915362 0.0158521 0.0173802 0.0085910 0.0042937 0.0000010 0.0000010 0.0000010 0.0000000 0.0000010 
_LH381201        0.4018732 0.3565311 0.2482257 0.2281746 0.1365807 0.1669184 0.1594610 0.1998129 0.1034577 0.1452825 0.1657905 0.1470336 0.1464450 0.1731522 0.1098154 0.0407332 0.0915362 0.0158521 0.0173802 0.0085910 0.0042937 0.0000010 0.0000010 0.0000010 0.0000010 0.0000000 
