12
_GKLC01412017    0.0000000 0.0587259 0.3919492 0.0854949 0.1149289 0.0919635 0.1143538 0.1283163 0.1189268 0.3399278 0.1174226 0.4242299 
_JAQSEC010000013 0.0587259 0.0000000 0.4414888 0.0633137 0.0960803 0.0832403 0.1048787 0.1132665 0.1099388 0.3833905 0.0986409 0.4443911 
_ICLD02020573    0.3919492 0.4414888 0.0000000 0.3996262 0.4116474 0.4211001 0.4462491 0.4585518 0.4496753 0.3709531 0.5042445 0.4030899 
_JARGYO010000011 0.0854949 0.0633137 0.3996262 0.0000000 0.0767390 0.0594907 0.1136319 0.1534643 0.1187851 0.3715636 0.1323806 0.4463145 
_JAJQKJ010002606 0.1149289 0.0960803 0.4116474 0.0767390 0.0000000 0.0379316 0.1244376 0.1594875 0.1522854 0.4164432 0.1547673 0.4587226 
_CAJIML010011253 0.0919635 0.0832403 0.4211001 0.0594907 0.0379316 0.0000000 0.1152471 0.1383095 0.1216803 0.3988659 0.1337126 0.4583397 
_GGLB01156041    0.1143538 0.1048787 0.4462491 0.1136319 0.1244376 0.1152471 0.0000000 0.1497998 0.1304008 0.4662342 0.1553695 0.4534745 
_GAEG01030218    0.1283163 0.1132665 0.4585518 0.1534643 0.1594875 0.1383095 0.1497998 0.0000000 0.1528829 0.3523747 0.0387762 0.4490314 
_GJEE01021557    0.1189268 0.1099388 0.4496753 0.1187851 0.1522854 0.1216803 0.1304008 0.1528829 0.0000000 0.3821569 0.1371640 0.4297245 
_GEGG01042616    0.3399278 0.3833905 0.3709531 0.3715636 0.4164432 0.3988659 0.4662342 0.3523747 0.3821569 0.0000000 0.3724444 0.3089173 
_LH353456        0.1174226 0.0986409 0.5042445 0.1323806 0.1547673 0.1337126 0.1553695 0.0387762 0.1371640 0.3724444 0.0000000 0.4712545 
_GEGH01045879    0.4242299 0.4443911 0.4030899 0.4463145 0.4587226 0.4583397 0.4534745 0.4490314 0.4297245 0.3089173 0.4712545 0.0000000 
