12
GKLC01412017    0.0000000 0.0587253 0.3919487 0.0854941 0.1149274 0.0919629 0.1143517 0.1283149 0.1189255 0.3399303 0.1174218 0.4242317 
JAQSEC010000013 0.0587253 0.0000000 0.4414851 0.0633126 0.0960795 0.0832401 0.1048772 0.1132653 0.1099378 0.3833935 0.0986406 0.4443967 
ICLD02020573    0.3919487 0.4414851 0.0000000 0.3996258 0.4116490 0.4211046 0.4462523 0.4585558 0.4496742 0.3709631 0.5042466 0.4030968 
JARGYO010000011 0.0854941 0.0633126 0.3996258 0.0000000 0.0767381 0.0594902 0.1136293 0.1534612 0.1187830 0.3715668 0.1323789 0.4463214 
JAJQKJ010002606 0.1149274 0.0960795 0.4116490 0.0767381 0.0000000 0.0379311 0.1244352 0.1594844 0.1522829 0.4164450 0.1547654 0.4587302 
CAJIML010011253 0.0919629 0.0832401 0.4211046 0.0594902 0.0379311 0.0000000 0.1152450 0.1383074 0.1216788 0.3988708 0.1337114 0.4583495 
GGLB01156041    0.1143517 0.1048772 0.4462523 0.1136293 0.1244352 0.1152450 0.0000000 0.1497980 0.1303985 0.4662351 0.1553671 0.4534781 
GAEG01030218    0.1283149 0.1132653 0.4585558 0.1534612 0.1594844 0.1383074 0.1497980 0.0000000 0.1528809 0.3523811 0.0387758 0.4490351 
GJEE01021557    0.1189255 0.1099378 0.4496742 0.1187830 0.1522829 0.1216788 0.1303985 0.1528809 0.0000000 0.3821571 0.1371633 0.4297289 
GEGG01042616    0.3399303 0.3833935 0.3709631 0.3715668 0.4164450 0.3988708 0.4662351 0.3523811 0.3821571 0.0000000 0.3724511 0.3089267 
LH353456        0.1174218 0.0986406 0.5042466 0.1323789 0.1547654 0.1337114 0.1553671 0.0387758 0.1371633 0.3724511 0.0000000 0.4712599 
GEGH01045879    0.4242317 0.4443967 0.4030968 0.4463214 0.4587302 0.4583495 0.4534781 0.4490351 0.4297289 0.3089267 0.4712599 0.0000000 
