98
JAQSEC010000013 0.0000000 0.0800798 0.0778981 0.0861747 0.0716349 0.0881932 0.1556650 0.0128903 0.0396248 0.2499552 0.1142122 0.1142122 0.1175582 0.0139221 0.1043060 0.1671922 0.1381905 0.1516096 0.1569855 0.1592091 0.1569855 0.1646089 0.1950667 0.1950667 0.1966761 0.2663185 0.2107716 0.2107716 0.2255325 0.2255325 0.2486498 0.2486498 0.2711743 0.2810484 0.2810484 0.0618785 0.0674418 0.0674418 0.0651574 0.0730260 0.0834397 0.0693083 0.0684703 0.1151846 0.1151846 0.0944613 0.1070948 0.0785183 0.0800798 0.0787532 0.1069592 0.0877981 0.0934642 0.0782727 0.0793283 0.0942254 0.0914830 0.0434528 0.0820850 0.0783144 0.0540323 0.3739605 0.0288468 0.1214431 0.1214431 0.1339820 0.1247729 0.0549015 0.2366629 0.3671695 0.4132527 0.0356958 0.0356958 0.1220848 0.0320625 0.1553311 0.0724777 0.2043602 0.0153857 0.0153857 0.1861536 0.1312933 0.1237265 0.1452475 0.1182385 0.0128903 0.0844565 0.0260954 0.0144254 0.0148516 0.0844565 0.0152761 0.0134328 0.0188777 0.0329735 0.0158776 0.0168536 0.0168536 
LIAG020987184   0.0800798 0.0000000 0.1264701 0.1228094 0.1260476 0.1446153 0.1645029 0.0000010 0.0000010 0.3477214 0.0000010 0.0000010 0.0000010 0.0000010 0.0000010 0.0000010 0.0000010 0.0000010 0.0000010 0.0000010 0.0000010 0.0000010 0.0000010 0.0000010 9.0000000 0.2651775 0.0000010 0.0000010 9.0000000 9.0000000 0.0000010 0.0000010 0.0000010 0.0000010 0.0000010 0.0111619 0.0000010 0.0000010 0.0027685 0.0027608 0.1340347 0.1347304 0.0000010 0.1451803 0.1451803 0.1468644 0.0582110 0.0000010 0.0000010 0.0634922 0.1468644 0.0000010 0.0201621 0.0101892 0.0068725 0.0371641 0.0294191 0.0125800 0.0000010 0.0258465 0.1411307 0.4371503 0.0000010 0.1451803 0.1451803 0.0442392 0.1490463 0.0000010 0.4270902 0.5630980 0.5262461 0.0115524 0.0115524 0.1466967 0.0125412 0.1871601 0.1411307 0.2626590 0.0000010 0.0000010 0.0000010 0.0254505 0.0168006 0.1463158 0.0518699 0.0000010 0.0000010 0.0000010 0.0000010 0.0000010 0.0000010 0.0000010 0.0000010 9.0000000 0.0000010 9.0000000 0.0000010 0.0000010 
CAJIML010011253 0.0778981 0.1264701 0.0000000 0.0083017 0.0586813 0.0353020 0.1641409 0.0260473 0.0260473 0.2148078 0.0984669 0.0984669 0.0704588 0.0000010 0.0853751 0.1671922 0.1646089 0.1767111 0.1830934 0.1857135 0.1830934 0.1921206 0.2242766 0.2242766 0.2261373 0.2612910 0.2390295 0.2390295 0.2562102 0.2562102 0.2796340 0.2796340 0.3023621 0.3135252 0.3135252 0.1007797 0.1069678 0.1069678 0.1014602 0.1131324 0.0114794 0.1093234 0.1086735 0.1193380 0.1193380 0.0921312 0.1380540 0.1332129 0.1264701 0.1246725 0.1076522 0.1391755 0.1259337 0.1163998 0.1133703 0.1320592 0.1371595 0.0870124 0.1280236 0.1205557 0.0777865 0.3638293 0.0877932 0.1303349 0.1303349 0.1760971 0.0987953 0.1017235 0.2799581 0.3510220 0.4098374 0.0885643 0.0885643 0.0957156 0.0817759 0.1224449 0.1247973 0.2321907 0.0476977 0.0476977 0.2212817 0.1882964 0.1629520 0.1454967 0.1442164 0.0260473 0.0693458 0.0128657 0.0291835 0.0300558 0.0693458 0.0309262 0.0271547 0.0188276 0.0883095 0.0158419 0.0341611 0.0341611 
VIAC01347839    0.0861747 0.1228094 0.0083017 0.0000000 0.0658392 0.0460769 0.1680289 0.0000010 0.0000010 0.2783904 0.0000010 0.0000010 0.0000010 0.0000010 0.0000010 0.0000010 0.0000010 0.0000010 0.0000010 0.0000010 0.0000010 0.0000010 0.0000010 0.0000010 9.0000000 0.1835305 0.0000010 0.0000010 9.0000000 9.0000000 0.0000010 0.0000010 0.0000010 0.0000010 0.0000010 0.1149690 0.1228094 0.1228094 0.1159324 0.1269277 0.0111152 0.1325998 0.1215711 0.1339505 0.1339505 0.1041375 0.1590802 0.1528708 0.1228094 0.1503167 0.1041375 0.1563746 0.1498783 0.1120623 0.1090124 0.1626435 0.1324266 0.0919922 0.1237684 0.1459066 0.1036147 0.4495479 0.0934157 0.1339505 0.1339505 0.1676539 0.1039672 0.1474378 0.4092799 0.4779052 0.4852904 0.0954620 0.0954620 0.1009613 0.0891670 0.1289884 0.1036147 0.2390022 0.0560682 0.0560682 0.1992032 0.1639892 0.1473874 0.1538174 0.2548804 0.0000010 0.0000010 0.0000010 0.0000010 0.0000010 0.0000010 0.0000010 0.0000010 9.0000000 0.1524109 9.0000000 0.0000010 0.0000010 
JARGYO010000011 0.0716349 0.1260476 0.0586813 0.0658392 0.0000000 0.0716216 0.1460521 0.0395520 0.0395520 0.2356708 0.1140056 0.1140056 0.1173399 0.0138947 0.0672455 0.1668439 0.1378648 0.1512773 0.2097214 0.1588457 0.2097214 0.1642227 0.2540879 0.2540879 0.1962088 0.3008787 0.2677991 0.2677991 0.2250021 0.2250021 0.2480826 0.2480826 0.2705757 0.2804137 0.2804137 0.1061834 0.1095526 0.1095526 0.1073099 0.1157362 0.0665712 0.1082551 0.1112989 0.1210664 0.1210664 0.0915419 0.1470620 0.1289904 0.1260476 0.1217157 0.1033508 0.1335516 0.1297456 0.1340172 0.1359338 0.1410798 0.1564716 0.1023738 0.1313186 0.1210056 0.0651294 0.3450874 0.0937158 0.1287322 0.1287322 0.1839452 0.1091177 0.0851865 0.2343644 0.3371914 0.4014756 0.0958380 0.0958380 0.1061895 0.0895464 0.1289884 0.0914152 0.2138651 0.0652496 0.0652496 0.2179492 0.1768594 0.1611443 0.1533707 0.1415325 0.0395520 0.0842998 0.0260473 0.0443767 0.0457215 0.0842998 0.0470659 0.0412540 0.0188777 0.0593360 0.0321639 0.0520648 0.0520648 
JAJQKJ010002606 0.0881932 0.1446153 0.0353020 0.0460769 0.0716216 0.0000000 0.1913075 0.0260473 0.0260473 0.2329501 0.0984669 0.0984669 0.0704588 0.0000010 0.0853751 0.1671922 0.1646089 0.1767111 0.1830934 0.1857135 0.1830934 0.1921206 0.2242766 0.2242766 0.2261373 0.2607950 0.2390295 0.2390295 0.2562102 0.2562102 0.2796340 0.2796340 0.3023621 0.3135252 0.3135252 0.1149142 0.1213083 0.1213083 0.1157002 0.1276597 0.0476635 0.1263408 0.1232641 0.1401120 0.1401120 0.1000497 0.1568123 0.1481514 0.1446153 0.1361998 0.1175038 0.1615056 0.1404002 0.1473958 0.1445252 0.1315216 0.1602843 0.1229787 0.1583885 0.1198159 0.0656501 0.3744819 0.1221891 0.1561847 0.1561847 0.1824021 0.1245359 0.0856025 0.2717598 0.3453116 0.4043218 0.1018096 0.1018096 0.1218473 0.0960101 0.1549928 0.1028204 0.2398624 0.0556954 0.0556954 0.2449373 0.1626118 0.1874031 0.1346519 0.1524751 0.0260473 0.0693458 0.0128657 0.0291835 0.0300558 0.0693458 0.0309262 0.0271547 0.0188276 0.0690878 0.0158419 0.0341611 0.0341611 
BLSH010535194   0.1556650 0.1645029 0.1641409 0.1680289 0.1460521 0.1913075 0.0000000 0.0000010 0.0000010 0.3644676 0.0000010 0.0000010 0.0000010 0.0000010 0.0000010 0.0000010 0.0000010 0.0000010 0.0000010 0.0000010 0.0000010 0.0000010 0.0000010 0.0000010 9.0000000 0.2651775 0.0000010 0.0000010 9.0000000 9.0000000 0.0000010 0.0000010 0.0000010 0.0000010 0.0000010 0.1650366 0.1645029 0.1645029 0.1617962 0.1691684 0.1633307 0.1841274 0.1679652 0.1471261 0.1471261 0.1290832 0.1981127 0.1974266 0.1645029 0.2053517 0.1290832 0.2142767 0.2374645 0.1678069 0.1591202 0.2382565 0.1727814 0.1442437 0.1569289 0.1962453 0.1649314 0.4822586 0.1261217 0.1471261 0.1471261 0.2397445 0.1116307 0.1866670 0.4381264 0.4931156 0.5427485 0.1182711 0.1182711 0.1144857 0.1048015 0.1324754 0.1649314 0.3138538 0.0739951 0.0739951 0.2334753 0.2120452 0.2022849 0.1179500 0.2521228 0.0000010 0.0000010 0.0000010 0.0000010 0.0000010 0.0000010 0.0000010 0.0000010 9.0000000 0.1778021 9.0000000 0.0000010 0.0000010 
LIAG021239457   0.0128903 0.0000010 0.0260473 0.0000010 0.0395520 0.0260473 0.0000010 0.0000000 0.0260954 0.0403299 0.0986468 0.0986468 0.1014774 0.0139221 0.0855676 0.1435871 0.1381905 0.1516096 0.1569855 0.1592091 0.1569855 0.1646089 0.1950667 0.1950667 0.1966761 0.7441259 0.2107716 0.2107716 0.2255325 0.2255325 0.2486498 0.2486498 0.2711743 0.2810484 0.2810484 0.0000010 0.0000010 0.0000010 0.0000010 0.0129092 0.0260473 0.0128903 0.0000010 0.0694755 0.0694755 0.0260954 0.0128903 0.0000010 0.0000010 0.0000010 0.0000010 0.0000010 0.0129809 9.0000000 9.0000000 0.0000010 9.0000000 9.0000000 9.0000000 0.0000010 0.0128903 0.0697112 9.0000000 0.0000010 0.0000010 0.0000010 9.0000000 0.0272409 0.0697112 0.0986468 0.1032980 9.0000000 9.0000000 9.0000000 9.0000000 9.0000000 0.0000010 0.0000010 9.0000000 9.0000000 9.0000000 0.0000010 0.0000010 9.0000000 0.0000010 0.0000010 0.0694755 0.0128903 0.0000010 0.0000010 0.0694755 0.0000010 0.0000010 0.0000010 0.0000010 0.0000010 0.0000010 0.0000010 
BLSH010011145   0.0396248 0.0000010 0.0260473 0.0000010 0.0395520 0.0260473 0.0000010 0.0260954 0.0000000 0.0689325 0.0986468 0.0986468 0.1014774 0.0139221 0.0855676 0.1916750 0.1921206 0.2027989 0.2102593 0.2132990 0.2102593 0.2207808 0.1950667 0.1950667 0.2568756 0.4668207 0.2107716 0.2107716 0.2882466 0.2882466 0.3119970 0.3119970 0.3349395 0.2810484 0.2810484 0.0260954 0.0260954 0.0260954 0.0260954 0.0396832 0.0260473 0.0396248 0.0260954 0.0694755 0.0694755 0.0260954 0.0396248 0.0372752 0.0000010 0.0260954 0.0000010 0.0395836 0.0399169 9.0000000 9.0000000 0.0260954 9.0000000 9.0000000 9.0000000 0.0260954 0.0128903 0.1001642 9.0000000 0.0000010 0.0000010 0.0000010 9.0000000 0.0558921 0.1001642 0.0986468 0.1364853 9.0000000 9.0000000 9.0000000 9.0000000 9.0000000 0.0000010 0.0000010 9.0000000 9.0000000 9.0000000 0.0000010 0.0000010 9.0000000 0.0260954 0.0260954 0.0694755 0.0128903 0.0292437 0.0301195 0.0694755 0.0309936 0.0134328 0.0000010 0.0319899 0.0158776 0.0342431 0.0342431 
CATNWA010016741 0.2499552 0.3477214 0.2148078 0.2783904 0.2356708 0.2329501 0.3644676 0.0403299 0.0689325 0.0000000 0.1164168 0.1164168 0.1541324 0.0428861 0.1067646 0.1972344 0.1646089 0.1274480 0.1318841 0.1592091 0.1318841 0.1921206 0.1950667 0.1950667 0.2261373 0.4189482 0.1836083 0.1836083 0.2562102 0.2562102 0.2796340 0.2796340 0.3023621 0.3135252 0.3135252 0.2404978 0.2612254 0.2612254 0.2538111 0.2722832 0.2332983 0.2810687 0.2612254 0.2610024 0.2610024 0.2569093 0.2576868 0.2811227 0.3477214 0.2820801 0.3276509 0.2899509 0.2367045 0.3670626 0.3614877 0.2606552 0.4400228 0.3255862 0.4088561 0.2667551 0.2049165 0.4125136 0.3665254 0.3092767 0.3092767 0.3295845 0.3168036 0.1526206 0.2667385 0.4340865 0.4588629 0.4623637 0.4623637 0.3168036 0.3992437 0.3168036 0.3384609 0.3677441 0.2627858 0.2627858 0.3760900 0.3378002 0.2990677 0.4427502 0.2404482 0.0403299 0.1178572 0.0544526 0.0453576 0.0467634 0.1178572 0.0481706 0.0421008 0.0394408 0.1376012 0.0329396 0.0534190 0.0534190 
PZQJ01000012    0.1142122 0.0000010 0.0984669 0.0000010 0.1140056 0.0984669 0.0000010 0.0986468 0.0986468 0.1164168 0.0000000 0.0000010 0.1713414 0.0907511 0.0318486 0.1942060 0.2281572 0.2090300 0.2169593 0.1641527 0.2169593 0.1984150 0.2635752 0.2635752 0.2992528 0.7441259 0.2467811 0.2467811 0.2931030 0.2931030 0.2698938 0.2698938 0.3821023 0.3245966 0.3245966 0.0986468 0.0986468 0.0986468 0.0986468 0.1143844 0.0984669 0.1142122 0.0986468 0.0697672 0.0697672 0.0986468 0.1142122 0.0792279 0.0000010 0.0986468 0.0000010 0.0844475 0.1151767 9.0000000 9.0000000 0.0986468 9.0000000 9.0000000 9.0000000 0.0986468 0.0834726 0.1513309 9.0000000 0.0000010 0.0000010 0.1776362 9.0000000 0.1364885 0.1513309 0.0000010 0.2319128 9.0000000 9.0000000 9.0000000 9.0000000 9.0000000 0.0000010 0.0000010 9.0000000 9.0000000 9.0000000 0.0000010 0.0000010 9.0000000 0.0986468 0.0986468 0.0697672 0.0834726 0.0942620 0.0972987 0.0697672 0.0825463 0.1031801 0.1009800 0.0853751 0.0840090 0.0724076 0.0724076 
DYDO01000683    0.1142122 0.0000010 0.0984669 0.0000010 0.1140056 0.0984669 0.0000010 0.0986468 0.0986468 0.1164168 0.0000010 0.0000000 0.1713414 0.0907511 0.0318486 0.1942060 0.2281572 0.2090300 0.2169593 0.1641527 0.2169593 0.1984150 0.2635752 0.2635752 0.2992528 0.7441259 0.2467811 0.2467811 0.2931030 0.2931030 0.2698938 0.2698938 0.3821023 0.3245966 0.3245966 0.0986468 0.0986468 0.0986468 0.0986468 0.1143844 0.0984669 0.1142122 0.0986468 0.0697672 0.0697672 0.0986468 0.1142122 0.0792279 0.0000010 0.0986468 0.0000010 0.0844475 0.1151767 9.0000000 9.0000000 0.0986468 9.0000000 9.0000000 9.0000000 0.0986468 0.0834726 0.1513309 9.0000000 0.0000010 0.0000010 0.1776362 9.0000000 0.1364885 0.1513309 0.0000010 0.2319128 9.0000000 9.0000000 9.0000000 9.0000000 9.0000000 0.0000010 0.0000010 9.0000000 9.0000000 9.0000000 0.0000010 0.0000010 9.0000000 0.0986468 0.0986468 0.0697672 0.0834726 0.0942620 0.0972987 0.0697672 0.0825463 0.1031801 0.1009800 0.0853751 0.0840090 0.0724076 0.0724076 
JYOU01101346    0.1175582 0.0000010 0.0704588 0.0000010 0.1173399 0.0704588 0.0000010 0.1014774 0.1014774 0.1541324 0.1713414 0.1713414 0.0000000 0.0769810 0.1500322 0.2544064 0.2634842 0.1536874 0.2202534 0.2539795 0.2202534 0.2634842 0.1980278 0.1980278 0.3402874 0.7441259 0.2506513 0.2506513 0.3768906 0.3768906 0.4026336 0.4026336 0.4271879 0.4044877 0.4044877 0.1014774 0.1014774 0.1014774 0.1014774 0.1177395 0.0704588 0.1175582 0.1014774 0.1380305 0.1380305 0.1014774 0.1175582 0.0801359 0.0000010 0.1014774 0.0000010 0.0854826 0.1185833 9.0000000 9.0000000 0.1014774 9.0000000 9.0000000 9.0000000 0.1014774 0.0858181 0.1742133 9.0000000 0.0000010 0.0000010 0.0000010 9.0000000 0.1248233 0.1742133 0.1713414 0.2401610 9.0000000 9.0000000 9.0000000 9.0000000 9.0000000 0.0000010 0.0000010 9.0000000 9.0000000 9.0000000 0.0000010 0.0000010 9.0000000 0.1014774 0.1014774 0.1380305 0.0858181 0.1152264 0.0993763 0.1380305 0.1025715 0.1062874 0.1325697 0.1062185 0.1085405 0.0927892 0.0927892 
VIAC01175670    0.0139221 0.0000010 0.0000010 0.0000010 0.0138947 0.0000010 0.0000010 0.0139221 0.0139221 0.0428861 0.0907511 0.0907511 0.0769810 0.0000000 0.0550340 0.1819694 0.1646089 0.1767111 0.1830934 0.1857135 0.1830934 0.1921206 0.2242766 0.2242766 0.2261373 0.7441259 0.2390295 0.2390295 0.2562102 0.2562102 0.2796340 0.2796340 0.3023621 0.3135252 0.3135252 0.0139221 0.0139221 0.0139221 0.0139221 0.0282589 0.0000010 0.0139221 0.0139221 0.0437134 0.0437134 0.0139221 0.0282141 0.0186633 0.0000010 0.0139221 0.0000010 0.0194349 0.0284342 9.0000000 9.0000000 0.0139221 9.0000000 9.0000000 9.0000000 0.0139221 0.0000010 0.0758011 9.0000000 0.0000010 0.0000010 0.0000010 9.0000000 0.0449549 0.0758011 0.0907511 0.1129081 9.0000000 9.0000000 9.0000000 9.0000000 9.0000000 0.0000010 0.0000010 9.0000000 9.0000000 9.0000000 0.0000010 0.0000010 9.0000000 0.0139221 0.0139221 0.0437134 0.0000010 0.0157310 0.0162391 0.0437134 0.0167481 0.0145579 0.0000010 0.0173317 0.0000010 0.0186633 0.0186633 
JAEOBE010182360 0.1043060 0.0000010 0.0853751 0.0000010 0.0672455 0.0853751 0.0000010 0.0855676 0.0855676 0.1067646 0.0318486 0.0318486 0.1500322 0.0550340 0.0000000 0.2200306 0.2281572 0.2090300 0.2169593 0.1641527 0.2169593 0.1984150 0.2635752 0.2635752 0.2992528 0.7441259 0.2467811 0.2467811 0.2931030 0.2931030 0.2698938 0.2698938 0.3821023 0.3245966 0.3245966 0.0855676 0.0855676 0.0855676 0.0855676 0.1044981 0.0853751 0.1043060 0.0855676 0.0680472 0.0680472 0.0855676 0.0855676 0.0792279 0.0000010 0.0855676 0.0000010 0.0844475 0.1053715 9.0000000 9.0000000 0.0855676 9.0000000 9.0000000 9.0000000 0.0855676 0.0673982 0.1083379 9.0000000 0.0000010 0.0000010 0.1776362 9.0000000 0.0855676 0.1083379 0.0318486 0.1495993 9.0000000 9.0000000 9.0000000 9.0000000 9.0000000 0.0000010 0.0000010 9.0000000 9.0000000 9.0000000 0.0000010 0.0000010 9.0000000 0.0855676 0.0855676 0.0680472 0.0673982 0.0855676 0.0855676 0.0680472 0.0855676 0.0903923 0.0810991 0.0855676 0.0638417 0.0920276 0.0920276 
JARQOC010000012 0.1671922 0.0000010 0.1671922 0.0000010 0.1668439 0.1671922 0.0000010 0.1435871 0.1916750 0.1972344 0.1942060 0.1942060 0.2544064 0.1819694 0.2200306 0.0000000 0.0603087 0.1786565 0.2499437 0.1073205 0.2499437 0.0819240 0.3245029 0.3245029 0.0615255 0.7441259 0.3698907 0.3698907 0.0401635 0.0401635 0.1323343 0.1323343 0.1816973 0.1272955 0.1272955 0.1435871 0.1435871 0.1435871 0.1435871 0.1675418 0.1671922 0.1671922 0.1435871 0.1916750 0.1916750 0.1916750 0.1435871 0.1526186 0.0000010 0.1435871 0.0000010 0.1637004 0.1693346 9.0000000 9.0000000 0.1435871 9.0000000 9.0000000 9.0000000 0.1435871 0.1671922 0.2513622 9.0000000 0.0000010 0.0000010 0.1413895 9.0000000 0.1435871 0.2513622 0.1942060 0.2518882 9.0000000 9.0000000 9.0000000 9.0000000 9.0000000 0.0000010 0.0000010 9.0000000 9.0000000 9.0000000 0.0000010 0.0000010 9.0000000 0.1435871 0.1435871 0.1916750 0.1671922 0.1435871 0.1435871 0.1916750 0.1435871 0.1270047 0.1067324 0.1435871 0.1400149 0.1435871 0.1435871 
CAJIMM010022611 0.1381905 0.0000010 0.1646089 0.0000010 0.1378648 0.1646089 0.0000010 0.1381905 0.1921206 0.1646089 0.2281572 0.2281572 0.2634842 0.1646089 0.2281572 0.0603087 0.0000000 0.1614884 0.2212928 0.0407603 0.2212928 0.0194873 0.2283502 0.2283502 0.0858373 0.7441259 0.2732473 0.2732473 0.1091139 0.1091139 0.1351940 0.1351940 0.1565793 0.1521379 0.1521379 0.1381905 0.1381905 0.1381905 0.1381905 0.1649967 0.1646089 0.1381905 0.1381905 0.1921206 0.1921206 0.1921206 0.1381905 0.1381905 0.0000010 0.1381905 0.0000010 0.1381905 0.1669795 9.0000000 9.0000000 0.1381905 9.0000000 9.0000000 9.0000000 0.1381905 0.1646089 0.2287858 9.0000000 0.0000010 0.0000010 0.0000010 9.0000000 0.1381905 0.2287858 0.2281572 0.1994506 9.0000000 9.0000000 9.0000000 9.0000000 9.0000000 0.0000010 0.0000010 9.0000000 9.0000000 9.0000000 0.0000010 0.0000010 9.0000000 0.1381905 0.1381905 0.1921206 0.1646089 0.1381905 0.1381905 0.1921206 0.1381905 0.1193279 0.1882892 0.1381905 0.2081312 0.1381905 0.1381905 
JAKJJM010311780 0.1516096 0.0000010 0.1767111 0.0000010 0.1512773 0.1767111 0.0000010 0.1516096 0.2027989 0.1274480 0.2090300 0.2090300 0.1536874 0.1767111 0.2090300 0.1786565 0.1614884 0.0000000 0.2501772 0.1945271 0.2501772 0.1614884 0.1853737 0.1853737 0.2217171 0.7441259 0.1545539 0.1545539 0.2511869 0.2511869 0.2742542 0.2742542 0.2966677 0.2756308 0.2756308 0.1516096 0.1516096 0.1516096 0.1516096 0.1770980 0.1767111 0.1516096 0.1516096 0.1767111 0.1767111 0.2027989 0.1516096 0.1516096 0.0000010 0.1516096 0.0000010 0.1588460 0.1791191 9.0000000 9.0000000 0.1516096 9.0000000 9.0000000 9.0000000 0.1516096 0.1767111 0.1565084 9.0000000 0.0000010 0.0000010 0.1438686 9.0000000 0.1516096 0.1565084 0.2090300 0.2382537 9.0000000 9.0000000 9.0000000 9.0000000 9.0000000 0.0000010 0.0000010 9.0000000 9.0000000 9.0000000 0.0000010 0.0000010 9.0000000 0.1516096 0.1516096 0.1767111 0.1767111 0.1516096 0.1516096 0.1767111 0.1516096 0.1625367 0.1654721 0.1516096 0.1848476 0.1516096 0.1516096 
JAQIHN010000115 0.1569855 0.0000010 0.1830934 0.0000010 0.2097214 0.1830934 0.0000010 0.1569855 0.2102593 0.1318841 0.2169593 0.2169593 0.2202534 0.1830934 0.2169593 0.2499437 0.2212928 0.2501772 0.0000000 0.2137811 0.0000010 0.2512264 0.1674503 0.1674503 0.2973949 0.7441259 0.3102494 0.3102494 0.3312845 0.3312845 0.3821023 0.3821023 0.4055783 0.3838381 0.3838381 0.1569855 0.1569855 0.1569855 0.1569855 0.1835061 0.1830934 0.1569855 0.1569855 0.2102593 0.2102593 0.1569855 0.1569855 0.1569855 0.0000010 0.1569855 0.0000010 0.1569855 0.1856880 9.0000000 9.0000000 0.1569855 9.0000000 9.0000000 9.0000000 0.1569855 0.1830934 0.1893266 9.0000000 0.0000010 0.0000010 0.1574564 9.0000000 0.1569855 0.1893266 0.2169593 0.1897648 9.0000000 9.0000000 9.0000000 9.0000000 9.0000000 0.0000010 0.0000010 9.0000000 9.0000000 9.0000000 0.0000010 0.0000010 9.0000000 0.1569855 0.1569855 0.2102593 0.1830934 0.1569855 0.1569855 0.2102593 0.1569855 0.1392656 0.2160809 0.1569855 0.1905242 0.1569855 0.1569855 
ONZH01005954    0.1592091 0.0000010 0.1857135 0.0000010 0.1588457 0.1857135 0.0000010 0.1592091 0.2132990 0.1592091 0.1641527 0.1641527 0.2539795 0.1857135 0.1641527 0.1073205 0.0407603 0.1945271 0.2137811 0.0000000 0.2137811 0.0200029 0.2686794 0.2686794 0.1380064 0.7441259 0.2824409 0.2824409 0.1639097 0.1639097 0.1938515 0.1938515 0.2162798 0.1566443 0.1566443 0.1592091 0.1592091 0.1592091 0.1592091 0.1861366 0.1857135 0.1592091 0.1592091 0.1592091 0.1592091 0.2132990 0.1592091 0.1592091 0.0000010 0.1592091 0.0000010 0.1592091 0.1883846 9.0000000 9.0000000 0.1592091 9.0000000 9.0000000 9.0000000 0.1592091 0.1857135 0.1921206 9.0000000 0.0000010 0.0000010 0.0000010 9.0000000 0.1592091 0.1921206 0.1641527 0.2212928 9.0000000 9.0000000 9.0000000 9.0000000 9.0000000 0.0000010 0.0000010 9.0000000 9.0000000 9.0000000 0.0000010 0.0000010 9.0000000 0.1592091 0.1592091 0.1592091 0.1857135 0.1592091 0.1592091 0.1592091 0.1592091 0.1413201 0.2292936 0.1592091 0.2383044 0.1592091 0.1592091 
JAQIHO010000097 0.1569855 0.0000010 0.1830934 0.0000010 0.2097214 0.1830934 0.0000010 0.1569855 0.2102593 0.1318841 0.2169593 0.2169593 0.2202534 0.1830934 0.2169593 0.2499437 0.2212928 0.2501772 0.0000010 0.2137811 0.0000000 0.2512264 0.1674503 0.1674503 0.2973949 0.7441259 0.3102494 0.3102494 0.3312845 0.3312845 0.3821023 0.3821023 0.4055783 0.3838381 0.3838381 0.1569855 0.1569855 0.1569855 0.1569855 0.1835061 0.1830934 0.1569855 0.1569855 0.2102593 0.2102593 0.1569855 0.1569855 0.1569855 0.0000010 0.1569855 0.0000010 0.1569855 0.1856880 9.0000000 9.0000000 0.1569855 9.0000000 9.0000000 9.0000000 0.1569855 0.1830934 0.1893266 9.0000000 0.0000010 0.0000010 0.1574564 9.0000000 0.1569855 0.1893266 0.2169593 0.1897648 9.0000000 9.0000000 9.0000000 9.0000000 9.0000000 0.0000010 0.0000010 9.0000000 9.0000000 9.0000000 0.0000010 0.0000010 9.0000000 0.1569855 0.1569855 0.2102593 0.1830934 0.1569855 0.1569855 0.2102593 0.1569855 0.1392656 0.2160809 0.1569855 0.1905242 0.1569855 0.1569855 
JAKVIS010000011 0.1646089 0.0000010 0.1921206 0.0000010 0.1642227 0.1921206 0.0000010 0.1646089 0.2207808 0.1921206 0.1984150 0.1984150 0.2634842 0.1921206 0.1984150 0.0819240 0.0194873 0.1614884 0.2512264 0.0200029 0.2512264 0.0000000 0.2283502 0.2283502 0.1094187 0.7441259 0.2431932 0.2431932 0.1335611 0.1335611 0.1609853 0.1609853 0.1825809 0.1279143 0.1279143 0.1646089 0.1646089 0.1646089 0.1646089 0.1925700 0.1921206 0.1646089 0.1646089 0.1646089 0.1646089 0.2207808 0.1646089 0.1646089 0.0000010 0.1646089 0.0000010 0.1646089 0.1949877 9.0000000 9.0000000 0.1646089 9.0000000 9.0000000 9.0000000 0.1646089 0.1921206 0.1989723 9.0000000 0.0000010 0.0000010 0.0000010 9.0000000 0.1646089 0.1989723 0.1984150 0.2293303 9.0000000 9.0000000 9.0000000 9.0000000 9.0000000 0.0000010 0.0000010 9.0000000 9.0000000 9.0000000 0.0000010 0.0000010 9.0000000 0.1646089 0.1646089 0.1646089 0.1921206 0.1646089 0.1646089 0.1646089 0.1646089 0.1462947 0.2452794 0.1646089 0.2504593 0.1646089 0.1646089 
JABAHN010000008 0.1950667 0.0000010 0.2242766 0.0000010 0.2540879 0.2242766 0.0000010 0.1950667 0.1950667 0.1950667 0.2635752 0.2635752 0.1980278 0.2242766 0.2635752 0.3245029 0.2283502 0.1853737 0.1674503 0.2686794 0.1674503 0.2283502 0.0000000 0.0000010 0.3825701 0.4668207 0.1623086 0.1623086 0.4217188 0.4217188 0.3963089 0.3963089 0.4205872 0.3608273 0.3608273 0.1950667 0.1950667 0.1950667 0.1950667 0.2248036 0.2242766 0.1950667 0.1950667 0.2242766 0.2242766 0.2242766 0.1950667 0.1950667 0.0000010 0.1950667 0.0000010 0.1950667 0.2278076 9.0000000 9.0000000 0.1950667 9.0000000 9.0000000 9.0000000 0.1950667 0.2242766 0.1619319 9.0000000 0.0000010 0.0000010 0.1574564 9.0000000 0.1950667 0.1619319 0.2635752 0.1894072 9.0000000 9.0000000 9.0000000 9.0000000 9.0000000 0.0000010 0.0000010 9.0000000 9.0000000 9.0000000 0.0000010 0.0000010 9.0000000 0.1950667 0.1950667 0.2242766 0.2242766 0.1950667 0.1950667 0.2242766 0.1950667 0.1803876 0.3173723 0.1950667 0.2505828 0.1950667 0.1950667 
AAMC04000008    0.1950667 0.0000010 0.2242766 0.0000010 0.2540879 0.2242766 0.0000010 0.1950667 0.1950667 0.1950667 0.2635752 0.2635752 0.1980278 0.2242766 0.2635752 0.3245029 0.2283502 0.1853737 0.1674503 0.2686794 0.1674503 0.2283502 0.0000010 0.0000000 0.3825701 0.4668207 0.1623086 0.1623086 0.4217188 0.4217188 0.3963089 0.3963089 0.4205872 0.3608273 0.3608273 0.1950667 0.1950667 0.1950667 0.1950667 0.2248036 0.2242766 0.1950667 0.1950667 0.2242766 0.2242766 0.2242766 0.1950667 0.1950667 0.0000010 0.1950667 0.0000010 0.1950667 0.2278076 9.0000000 9.0000000 0.1950667 9.0000000 9.0000000 9.0000000 0.1950667 0.2242766 0.1619319 9.0000000 0.0000010 0.0000010 0.1574564 9.0000000 0.1950667 0.1619319 0.2635752 0.1894072 9.0000000 9.0000000 9.0000000 9.0000000 9.0000000 0.0000010 0.0000010 9.0000000 9.0000000 9.0000000 0.0000010 0.0000010 9.0000000 0.1950667 0.1950667 0.2242766 0.2242766 0.1950667 0.1950667 0.2242766 0.1950667 0.1803876 0.3173723 0.1950667 0.2505828 0.1950667 0.1950667 
JARQOD010000001 0.1966761 9.0000000 0.2261373 9.0000000 0.1962088 0.2261373 9.0000000 0.1966761 0.2568756 0.2261373 0.2992528 0.2992528 0.3402874 0.2261373 0.2992528 0.0615255 0.0858373 0.2217171 0.2973949 0.1380064 0.2973949 0.1094187 0.3825701 0.3825701 0.0000000 1.2421990 0.3553827 0.3553827 0.0198122 0.0198122 0.1415864 0.1415864 0.1639097 0.1091673 0.1091673 0.1966761 0.1966761 0.1966761 0.1966761 0.2266716 0.2261373 0.1966761 0.1966761 0.2568756 0.2568756 0.2568756 0.1966761 0.1966761 9.0000000 0.1966761 9.0000000 0.2016211 0.2297274 9.0000000 9.0000000 0.1966761 9.0000000 9.0000000 9.0000000 0.1966761 0.2261373 0.3000507 9.0000000 9.0000000 9.0000000 0.0000010 9.0000000 0.1966761 0.3000507 0.2992528 0.3007588 9.0000000 9.0000000 9.0000000 9.0000000 9.0000000 9.0000000 9.0000000 9.0000000 9.0000000 9.0000000 9.0000000 9.0000000 9.0000000 0.1966761 0.1966761 0.2568756 0.2261373 0.1966761 0.1966761 0.2568756 0.1966761 0.1786999 0.1798547 0.1966761 0.2011627 0.1966761 0.1966761 
CAJIMM010020206 0.2663185 0.2651775 0.2612910 0.1835305 0.3008787 0.2607950 0.2651775 0.7441259 0.4668207 0.4189482 0.7441259 0.7441259 0.7441259 0.7441259 0.7441259 0.7441259 0.7441259 0.7441259 0.7441259 0.7441259 0.7441259 0.7441259 0.4668207 0.4668207 1.2421990 0.0000000 0.7525128 0.7525128 1.2421990 1.2421990 1.2421990 1.2421990 5.1808320 1.2421990 1.2421990 0.3356712 0.3356712 0.3356712 0.3356712 0.3356712 0.2612910 0.3348464 0.3453347 0.4473417 0.4473417 0.3001615 0.4620843 0.5780971 0.2651775 0.3356712 0.2252988 0.7441259 0.7441259 0.2651775 0.2651775 0.7441259 0.2651775 0.2651775 0.2651775 0.4324599 0.7441259 0.5081856 0.2651775 0.3890264 0.3890264 9.0000000 0.2252988 0.7441259 0.7441259 0.7441259 0.5953321 0.2651775 0.2651775 0.2252988 0.2651775 0.2792954 9.0000000 9.0000000 0.2651775 0.2651775 9.0000000 9.0000000 9.0000000 0.3074144 0.7441259 0.7441259 0.7441259 0.7441259 0.7441259 0.7441259 0.7441259 0.7441259 0.3737315 9.0000000 0.7441259 0.9502313 0.7441259 0.7441259 
JAEUXP010000007 0.2107716 0.0000010 0.2390295 0.0000010 0.2677991 0.2390295 0.0000010 0.2107716 0.2107716 0.1836083 0.2467811 0.2467811 0.2506513 0.2390295 0.2467811 0.3698907 0.2732473 0.1545539 0.3102494 0.2824409 0.3102494 0.2431932 0.1623086 0.1623086 0.3553827 0.7525128 0.0000000 0.0000010 0.3910626 0.3910626 0.4047298 0.4047298 0.3575183 0.3706774 0.3706774 0.2107716 0.2107716 0.2107716 0.2107716 0.2395584 0.2390295 0.2107716 0.2107716 0.2107716 0.2107716 0.2684452 0.2107716 0.2107716 0.0000010 0.2107716 0.0000010 0.2107716 0.2426494 9.0000000 9.0000000 0.2107716 9.0000000 9.0000000 9.0000000 0.2107716 0.2390295 0.1898573 9.0000000 0.0000010 0.0000010 0.1438686 9.0000000 0.2107716 0.1898573 0.2467811 0.2186309 9.0000000 9.0000000 9.0000000 9.0000000 9.0000000 0.0000010 0.0000010 9.0000000 9.0000000 9.0000000 0.0000010 0.0000010 9.0000000 0.2107716 0.2107716 0.2107716 0.2390295 0.2107716 0.2107716 0.2107716 0.2107716 0.1975951 0.2292936 0.2107716 0.2756158 0.2107716 0.2107716 
DAJOPU010000013 0.2107716 0.0000010 0.2390295 0.0000010 0.2677991 0.2390295 0.0000010 0.2107716 0.2107716 0.1836083 0.2467811 0.2467811 0.2506513 0.2390295 0.2467811 0.3698907 0.2732473 0.1545539 0.3102494 0.2824409 0.3102494 0.2431932 0.1623086 0.1623086 0.3553827 0.7525128 0.0000010 0.0000000 0.3910626 0.3910626 0.4047298 0.4047298 0.3575183 0.3706774 0.3706774 0.2107716 0.2107716 0.2107716 0.2107716 0.2395584 0.2390295 0.2107716 0.2107716 0.2107716 0.2107716 0.2684452 0.2107716 0.2107716 0.0000010 0.2107716 0.0000010 0.2107716 0.2426494 9.0000000 9.0000000 0.2107716 9.0000000 9.0000000 9.0000000 0.2107716 0.2390295 0.1898573 9.0000000 0.0000010 0.0000010 0.1438686 9.0000000 0.2107716 0.1898573 0.2467811 0.2186309 9.0000000 9.0000000 9.0000000 9.0000000 9.0000000 0.0000010 0.0000010 9.0000000 9.0000000 9.0000000 0.0000010 0.0000010 9.0000000 0.2107716 0.2107716 0.2107716 0.2390295 0.2107716 0.2107716 0.2107716 0.2107716 0.1975951 0.2292936 0.2107716 0.2756158 0.2107716 0.2107716 
JAWCTU010000002 0.2255325 9.0000000 0.2562102 9.0000000 0.2250021 0.2562102 9.0000000 0.2255325 0.2882466 0.2562102 0.2931030 0.2931030 0.3768906 0.2562102 0.2931030 0.0401635 0.1091139 0.2511869 0.3312845 0.1639097 0.3312845 0.1335611 0.4217188 0.4217188 0.0198122 1.2421990 0.3910626 0.3910626 0.0000000 0.0000010 0.1387951 0.1387951 0.1907737 0.1332557 0.1332557 0.2255325 0.2255325 0.2255325 0.2255325 0.2568084 0.2562102 0.2255325 0.2255325 0.2882466 0.2882466 0.2882466 0.2255325 0.2255325 9.0000000 0.2255325 9.0000000 0.2313102 0.2604133 9.0000000 9.0000000 0.2255325 9.0000000 9.0000000 9.0000000 0.2255325 0.2562102 0.3342499 9.0000000 9.0000000 9.0000000 0.1965994 9.0000000 0.2255325 0.3342499 0.2931030 0.3350258 9.0000000 9.0000000 9.0000000 9.0000000 9.0000000 9.0000000 9.0000000 9.0000000 9.0000000 9.0000000 9.0000000 9.0000000 9.0000000 0.2255325 0.2255325 0.2882466 0.2562102 0.2255325 0.2255325 0.2882466 0.2255325 0.2082777 0.1798547 0.2255325 0.2011627 0.2255325 0.2255325 
CAUEEQ010006196 0.2255325 9.0000000 0.2562102 9.0000000 0.2250021 0.2562102 9.0000000 0.2255325 0.2882466 0.2562102 0.2931030 0.2931030 0.3768906 0.2562102 0.2931030 0.0401635 0.1091139 0.2511869 0.3312845 0.1639097 0.3312845 0.1335611 0.4217188 0.4217188 0.0198122 1.2421990 0.3910626 0.3910626 0.0000010 0.0000000 0.1387951 0.1387951 0.1907737 0.1332557 0.1332557 0.2255325 0.2255325 0.2255325 0.2255325 0.2568084 0.2562102 0.2255325 0.2255325 0.2882466 0.2882466 0.2882466 0.2255325 0.2255325 9.0000000 0.2255325 9.0000000 0.2313102 0.2604133 9.0000000 9.0000000 0.2255325 9.0000000 9.0000000 9.0000000 0.2255325 0.2562102 0.3342499 9.0000000 9.0000000 9.0000000 0.1965994 9.0000000 0.2255325 0.3342499 0.2931030 0.3350258 9.0000000 9.0000000 9.0000000 9.0000000 9.0000000 9.0000000 9.0000000 9.0000000 9.0000000 9.0000000 9.0000000 9.0000000 9.0000000 0.2255325 0.2255325 0.2882466 0.2562102 0.2255325 0.2255325 0.2882466 0.2255325 0.2082777 0.1798547 0.2255325 0.2011627 0.2255325 0.2255325 
JAVFLC010000018 0.2486498 0.0000010 0.2796340 0.0000010 0.2480826 0.2796340 0.0000010 0.2486498 0.3119970 0.2796340 0.2698938 0.2698938 0.4026336 0.2796340 0.2698938 0.1323343 0.1351940 0.2742542 0.3821023 0.1938515 0.3821023 0.1609853 0.3963089 0.3963089 0.1415864 1.2421990 0.4047298 0.4047298 0.1387951 0.1387951 0.0000000 0.0000010 0.0616491 0.1606814 0.1606814 0.2486498 0.2486498 0.2486498 0.2486498 0.2802668 0.2796340 0.2486498 0.2486498 0.3119970 0.3119970 0.3119970 0.2486498 0.2486498 0.0000010 0.2486498 0.0000010 0.2486498 0.2842328 9.0000000 9.0000000 0.2486498 9.0000000 9.0000000 9.0000000 0.2486498 0.2796340 0.3591399 9.0000000 0.0000010 0.0000010 0.1776362 9.0000000 0.2486498 0.3591399 0.2698938 0.3245556 9.0000000 9.0000000 9.0000000 9.0000000 9.0000000 0.0000010 0.0000010 9.0000000 9.0000000 9.0000000 0.0000010 0.0000010 9.0000000 0.2486498 0.2486498 0.3119970 0.2796340 0.2486498 0.2486498 0.3119970 0.2486498 0.2323665 0.2270793 0.2486498 0.2366130 0.2486498 0.2486498 
JAVFLB010000013 0.2486498 0.0000010 0.2796340 0.0000010 0.2480826 0.2796340 0.0000010 0.2486498 0.3119970 0.2796340 0.2698938 0.2698938 0.4026336 0.2796340 0.2698938 0.1323343 0.1351940 0.2742542 0.3821023 0.1938515 0.3821023 0.1609853 0.3963089 0.3963089 0.1415864 1.2421990 0.4047298 0.4047298 0.1387951 0.1387951 0.0000010 0.0000000 0.0616491 0.1606814 0.1606814 0.2486498 0.2486498 0.2486498 0.2486498 0.2802668 0.2796340 0.2486498 0.2486498 0.3119970 0.3119970 0.3119970 0.2486498 0.2486498 0.0000010 0.2486498 0.0000010 0.2486498 0.2842328 9.0000000 9.0000000 0.2486498 9.0000000 9.0000000 9.0000000 0.2486498 0.2796340 0.3591399 9.0000000 0.0000010 0.0000010 0.1776362 9.0000000 0.2486498 0.3591399 0.2698938 0.3245556 9.0000000 9.0000000 9.0000000 9.0000000 9.0000000 0.0000010 0.0000010 9.0000000 9.0000000 9.0000000 0.0000010 0.0000010 9.0000000 0.2486498 0.2486498 0.3119970 0.2796340 0.2486498 0.2486498 0.3119970 0.2486498 0.2323665 0.2270793 0.2486498 0.2366130 0.2486498 0.2486498 
CAMRHE010000551 0.2711743 0.0000010 0.3023621 0.0000010 0.2705757 0.3023621 0.0000010 0.2711743 0.3349395 0.3023621 0.3821023 0.3821023 0.4271879 0.3023621 0.3821023 0.1816973 0.1565793 0.2966677 0.4055783 0.2162798 0.4055783 0.1825809 0.4205872 0.4205872 0.1639097 5.1808320 0.3575183 0.3575183 0.1907737 0.1907737 0.0616491 0.0616491 0.0000000 0.1822405 0.1822405 0.2711743 0.2711743 0.2711743 0.2711743 0.3030236 0.3023621 0.2711743 0.2711743 0.3349395 0.3349395 0.3349395 0.2711743 0.2711743 0.0000010 0.2711743 0.0000010 0.2711743 0.3073269 9.0000000 9.0000000 0.2711743 9.0000000 9.0000000 9.0000000 0.2711743 0.3023621 0.3830076 9.0000000 0.0000010 0.0000010 0.0000010 9.0000000 0.2711743 0.3830076 0.3821023 0.2816851 9.0000000 9.0000000 9.0000000 9.0000000 9.0000000 0.0000010 0.0000010 9.0000000 9.0000000 9.0000000 0.0000010 0.0000010 9.0000000 0.2711743 0.2711743 0.3349395 0.3023621 0.2711743 0.2711743 0.3349395 0.2711743 0.2558634 0.2270793 0.2711743 0.2797335 0.2711743 0.2711743 
JARJJA010000011 0.2810484 0.0000010 0.3135252 0.0000010 0.2804137 0.3135252 0.0000010 0.2810484 0.2810484 0.3135252 0.3245966 0.3245966 0.4044877 0.3135252 0.3245966 0.1272955 0.1521379 0.2756308 0.3838381 0.1566443 0.3838381 0.1279143 0.3608273 0.3608273 0.1091673 1.2421990 0.3706774 0.3706774 0.1332557 0.1332557 0.1606814 0.1606814 0.1822405 0.0000000 0.0000010 0.2810484 0.2810484 0.2810484 0.2810484 0.3142258 0.3135252 0.2810484 0.2810484 0.2810484 0.2810484 0.3474723 0.2810484 0.2810484 0.0000010 0.2810484 0.0000010 0.2810484 0.3188680 9.0000000 9.0000000 0.2810484 9.0000000 9.0000000 9.0000000 0.2810484 0.3135252 0.3254256 9.0000000 0.0000010 0.0000010 0.0000010 9.0000000 0.2810484 0.3254256 0.3245966 0.3616656 9.0000000 9.0000000 9.0000000 9.0000000 9.0000000 0.0000010 0.0000010 9.0000000 9.0000000 9.0000000 0.0000010 0.0000010 9.0000000 0.2810484 0.2810484 0.2810484 0.3135252 0.2810484 0.2810484 0.2810484 0.2810484 0.2336527 0.2440470 0.2810484 0.3421259 0.2810484 0.2810484 
JARJIZ010000060 0.2810484 0.0000010 0.3135252 0.0000010 0.2804137 0.3135252 0.0000010 0.2810484 0.2810484 0.3135252 0.3245966 0.3245966 0.4044877 0.3135252 0.3245966 0.1272955 0.1521379 0.2756308 0.3838381 0.1566443 0.3838381 0.1279143 0.3608273 0.3608273 0.1091673 1.2421990 0.3706774 0.3706774 0.1332557 0.1332557 0.1606814 0.1606814 0.1822405 0.0000010 0.0000000 0.2810484 0.2810484 0.2810484 0.2810484 0.3142258 0.3135252 0.2810484 0.2810484 0.2810484 0.2810484 0.3474723 0.2810484 0.2810484 0.0000010 0.2810484 0.0000010 0.2810484 0.3188680 9.0000000 9.0000000 0.2810484 9.0000000 9.0000000 9.0000000 0.2810484 0.3135252 0.3254256 9.0000000 0.0000010 0.0000010 0.0000010 9.0000000 0.2810484 0.3254256 0.3245966 0.3616656 9.0000000 9.0000000 9.0000000 9.0000000 9.0000000 0.0000010 0.0000010 9.0000000 9.0000000 9.0000000 0.0000010 0.0000010 9.0000000 0.2810484 0.2810484 0.2810484 0.3135252 0.2810484 0.2810484 0.2810484 0.2810484 0.2336527 0.2440470 0.2810484 0.3421259 0.2810484 0.2810484 
GDDO01096559    0.0618785 0.0111619 0.1007797 0.1149690 0.1061834 0.1149142 0.1650366 0.0000010 0.0260954 0.2404978 0.0986468 0.0986468 0.1014774 0.0139221 0.0855676 0.1435871 0.1381905 0.1516096 0.1569855 0.1592091 0.1569855 0.1646089 0.1950667 0.1950667 0.1966761 0.3356712 0.2107716 0.2107716 0.2255325 0.2255325 0.2486498 0.2486498 0.2711743 0.2810484 0.2810484 0.0000000 0.0089735 0.0089735 0.0067502 0.0135590 0.1096429 0.1013722 0.0090962 0.1274335 0.1274335 0.1163699 0.0483741 0.0113938 0.0111619 0.0443126 0.1384738 0.0131123 0.0104187 0.0067488 0.0068305 0.0266349 0.0292271 0.0000010 0.0129747 0.0223985 0.0920383 0.3520539 0.0000010 0.1449289 0.1449289 0.0424386 0.1310431 0.0128101 0.2724910 0.3906037 0.4318173 0.0115524 0.0115524 0.1284334 0.0125412 0.1635992 0.1528104 0.2426218 0.0000010 0.0000010 0.0284397 0.0342435 0.0054879 0.1463158 0.0305896 0.0000010 0.0603692 0.0128903 0.0000010 0.0000010 0.0694755 0.0000010 0.0000010 0.0000010 0.0000010 0.0000010 0.0000010 0.0000010 
LH353456        0.0674418 0.0000010 0.1069678 0.1228094 0.1095526 0.1213083 0.1645029 0.0000010 0.0260954 0.2612254 0.0986468 0.0986468 0.1014774 0.0139221 0.0855676 0.1435871 0.1381905 0.1516096 0.1569855 0.1592091 0.1569855 0.1646089 0.1950667 0.1950667 0.1966761 0.3356712 0.2107716 0.2107716 0.2255325 0.2255325 0.2486498 0.2486498 0.2711743 0.2810484 0.2810484 0.0089735 0.0000000 0.0000010 0.0022292 0.0044591 0.1158327 0.1074432 0.0000010 0.1276085 0.1276085 0.1228595 0.0484371 0.0000010 0.0000010 0.0496971 0.1468644 0.0000010 0.0175872 0.0101892 0.0068725 0.0267941 0.0294191 0.0125800 0.0000010 0.0195399 0.0857705 0.3498312 0.0000010 0.1451803 0.1451803 0.0428463 0.1490463 0.0128101 0.2734165 0.4078924 0.4265332 0.0115524 0.0115524 0.1466967 0.0125412 0.1871601 0.1411307 0.2626590 0.0000010 0.0000010 0.0000010 0.0254505 0.0168006 0.1463158 0.0243155 0.0000010 0.0603692 0.0128903 0.0000010 0.0000010 0.0694755 0.0000010 0.0000010 0.0000010 0.0000010 0.0000010 0.0000010 0.0000010 
LH353453        0.0674418 0.0000010 0.1069678 0.1228094 0.1095526 0.1213083 0.1645029 0.0000010 0.0260954 0.2612254 0.0986468 0.0986468 0.1014774 0.0139221 0.0855676 0.1435871 0.1381905 0.1516096 0.1569855 0.1592091 0.1569855 0.1646089 0.1950667 0.1950667 0.1966761 0.3356712 0.2107716 0.2107716 0.2255325 0.2255325 0.2486498 0.2486498 0.2711743 0.2810484 0.2810484 0.0089735 0.0000010 0.0000000 0.0022292 0.0044591 0.1158327 0.1074432 0.0000010 0.1276085 0.1276085 0.1228595 0.0484371 0.0000010 0.0000010 0.0496971 0.1468644 0.0000010 0.0175872 0.0101892 0.0068725 0.0267941 0.0294191 0.0125800 0.0000010 0.0195399 0.0857705 0.3498312 0.0000010 0.1451803 0.1451803 0.0428463 0.1490463 0.0128101 0.2734165 0.4078924 0.4265332 0.0115524 0.0115524 0.1466967 0.0125412 0.1871601 0.1411307 0.2626590 0.0000010 0.0000010 0.0000010 0.0254505 0.0168006 0.1463158 0.0243155 0.0000010 0.0603692 0.0128903 0.0000010 0.0000010 0.0694755 0.0000010 0.0000010 0.0000010 0.0000010 0.0000010 0.0000010 0.0000010 
GDDO01098681    0.0651574 0.0027685 0.1014602 0.1159324 0.1073099 0.1157002 0.1617962 0.0000010 0.0260954 0.2538111 0.0986468 0.0986468 0.1014774 0.0139221 0.0855676 0.1435871 0.1381905 0.1516096 0.1569855 0.1592091 0.1569855 0.1646089 0.1950667 0.1950667 0.1966761 0.3356712 0.2107716 0.2107716 0.2255325 0.2255325 0.2486498 0.2486498 0.2711743 0.2810484 0.2810484 0.0067502 0.0022292 0.0022292 0.0000000 0.0067367 0.1103743 0.1052373 0.0022595 0.1225201 0.1225201 0.1174472 0.0461623 0.0028258 0.0027685 0.0473675 0.1400751 0.0032483 0.0141356 0.0102210 0.0103468 0.0269468 0.0332265 0.0083583 0.0032139 0.0167786 0.0803322 0.3470458 0.0000010 0.1387504 0.1387504 0.0432356 0.1434930 0.0129871 0.2615926 0.3972363 0.4298946 0.0115524 0.0115524 0.1410541 0.0125412 0.1800029 0.1318241 0.2580358 0.0000010 0.0000010 0.0069694 0.0170579 0.0112831 0.1463158 0.0246340 0.0000010 0.0603692 0.0128903 0.0000010 0.0000010 0.0694755 0.0000010 0.0000010 0.0000010 0.0000010 0.0000010 0.0000010 0.0000010 
GDDO01104399    0.0730260 0.0027608 0.1131324 0.1269277 0.1157362 0.1276597 0.1691684 0.0129092 0.0396832 0.2722832 0.1143844 0.1143844 0.1177395 0.0282589 0.1044981 0.1675418 0.1649967 0.1770980 0.1835061 0.1861366 0.1835061 0.1925700 0.2248036 0.2248036 0.2266716 0.3356712 0.2395584 0.2395584 0.2568084 0.2568084 0.2802668 0.2802668 0.3030236 0.3142258 0.3142258 0.0135590 0.0044591 0.0044591 0.0067367 0.0000000 0.1219857 0.1134881 0.0045197 0.1339254 0.1339254 0.1293050 0.0537017 0.0056525 0.0027608 0.0498666 0.1512886 0.0064979 0.0176729 0.0136350 0.0103468 0.0338607 0.0332265 0.0168485 0.0032036 0.0224691 0.0926320 0.3604111 0.0000010 0.1495368 0.1495368 0.0545060 0.1548170 0.0194863 0.2913453 0.4243668 0.4386415 0.0115524 0.0115524 0.1525592 0.0125412 0.1946494 0.1427264 0.2634946 0.0000010 0.0000010 0.0069209 0.0256952 0.0226784 0.1463158 0.0308009 0.0129092 0.0733600 0.0261337 0.0144491 0.0148766 0.0845845 0.0153026 0.0134533 0.0000010 0.0079567 0.0000010 0.0168858 0.0168858 
