22
AAC60284.1     0.0000000 1.3314424 2.8772171 1.9255724 2.6458579 1.9071714 1.4218717 1.7297355 1.7091140 1.8252411 1.8461732 1.7873654 1.9133592 1.9834588 1.8205414 1.7607888 1.7487662 1.8044287 1.9038081 1.8142008 1.9030754 1.7282784 
BAA28618.1     1.3314424 0.0000000 3.1118448 1.9989001 2.2077705 1.7119554 2.1124301 1.9091405 2.1601338 1.9699368 2.1148757 2.3152431 2.2882750 2.1859367 2.0244639 2.0328191 2.0455447 1.9508661 2.0197055 2.0488512 2.0121493 2.0114484 
XP_040546760.1 2.8772171 3.1118448 0.0000000 2.5647531 1.9405565 1.3892861 1.5173249 1.4109629 1.4302391 1.4195328 1.3259305 1.3739091 1.4501289 1.4137195 1.4350391 1.3869148 1.3895088 1.4331489 1.3692381 1.3009099 1.6197789 1.5184967 
NP_001038953.1 1.9255724 1.9989001 2.5647531 0.0000000 0.8816936 1.6673436 1.9073766 1.7779918 1.8247208 1.9528460 1.6941711 1.6639225 1.7868937 1.7679958 1.7402575 1.7158409 1.7054970 1.8668331 1.6797545 1.7885772 1.8364824 1.8699640 
XP_006643008.1 2.6458579 2.2077705 1.9405565 0.8816936 0.0000000 1.6755499 1.7057494 1.6600437 1.8266389 1.6702195 1.5426893 1.4904817 1.5877096 1.6123443 1.6422213 1.5645299 1.6020391 1.5706116 1.5522830 1.4828258 1.5945754 1.4574534 
XP_005293843.1 1.9071714 1.7119554 1.3892861 1.6673436 1.6755499 0.0000000 1.1275461 0.8367858 1.0602876 1.0344795 0.9575570 0.9488438 1.0326270 1.0489302 0.9415750 0.9624055 0.9646139 0.9433820 0.9098017 0.9655498 1.1606149 0.9668520 
XP_007485040.1 1.4218717 2.1124301 1.5173249 1.9073766 1.7057494 1.1275461 0.0000000 0.5695553 0.7022573 0.7071126 0.5904876 0.6135950 0.6267360 0.6567030 0.6611942 0.6379417 0.6472510 0.6708130 0.6914549 0.6928960 0.7868380 0.7352718 
XP_028911017.1 1.7297355 1.9091405 1.4109629 1.7779918 1.6600437 0.8367858 0.5695553 0.0000000 0.6236527 0.5085644 0.4935121 0.5449532 0.5589406 0.5740524 0.4957349 0.4752768 0.4930179 0.5019860 0.4979375 0.5214124 0.7996961 0.7237589 
NP_001173223.1 1.7091140 2.1601338 1.4302391 1.8247208 1.8266389 1.0602876 0.7022573 0.6236527 0.0000000 0.2849767 0.2848599 0.3323303 0.3318486 0.3673761 0.2588133 0.2210761 0.2220658 0.2117942 0.2140193 0.2175279 0.6010325 0.5253504 
XP_001503846.1 1.8252411 1.9699368 1.4195328 1.9528460 1.6702195 1.0344795 0.7071126 0.5085644 0.2849767 0.0000000 0.2697883 0.3432385 0.3295326 0.3097919 0.2827373 0.2976305 0.3126790 0.2245203 0.2411948 0.2130261 0.6364831 0.5765157 
XP_001117975.1 1.8461732 2.1148757 1.3259305 1.6941711 1.5426893 0.9575570 0.5904876 0.4935121 0.2848599 0.2697883 0.0000000 0.0915712 0.0729076 0.1169944 0.3005217 0.2878324 0.2731698 0.2044231 0.2046538 0.1673785 0.6062457 0.5346060 
NP_001158123.1 1.7873654 2.3152431 1.3739091 1.6639225 1.4904817 0.9488438 0.6135950 0.5449532 0.3323303 0.3432385 0.0915712 0.0000000 0.0451435 0.0796786 0.3695780 0.3393907 0.3223543 0.2794751 0.2817323 0.2558788 0.6393704 0.5608736 
NP_001634.1    1.9133592 2.2882750 1.4501289 1.7868937 1.5877096 1.0326270 0.6267360 0.5589406 0.3318486 0.3295326 0.0729076 0.0451435 0.0000000 0.0414821 0.3702678 0.3566561 0.3405383 0.2870828 0.2874539 0.2378424 0.6773261 0.6006590 
PNI19858.1     1.9834588 2.1859367 1.4137195 1.7679958 1.6123443 1.0489302 0.6567030 0.5740524 0.3673761 0.3097919 0.1169944 0.0796786 0.0414821 0.0000000 0.4084087 0.3943319 0.3774631 0.3043307 0.2953477 0.2543386 0.6871369 0.5882772 
NP_001039381.1 1.8205414 2.0244639 1.4350391 1.7402575 1.6422213 0.9415750 0.6611942 0.4957349 0.2588133 0.2827373 0.3005217 0.3695780 0.3702678 0.4084087 0.0000000 0.0312978 0.0421191 0.2575166 0.2185137 0.1956811 0.5614981 0.5196135 
XP_004002742.1 1.7607888 2.0328191 1.3869148 1.7158409 1.5645299 0.9624055 0.6379417 0.4752768 0.2210761 0.2976305 0.2878324 0.3393907 0.3566561 0.3943319 0.0312978 0.0000000 0.0104257 0.2300300 0.2182581 0.1838475 0.5828744 0.4970364 
XP_005677218.2 1.7487662 2.0455447 1.3895088 1.7054970 1.6020391 0.9646139 0.6472510 0.4930179 0.2220658 0.3126790 0.2731698 0.3223543 0.3405383 0.3774631 0.0421191 0.0104257 0.0000000 0.2164530 0.2318687 0.1707683 0.5627821 0.5148076 
XP_002715298.1 1.8044287 1.9508661 1.4331489 1.8668331 1.5706116 0.9433820 0.6708130 0.5019860 0.2117942 0.2245203 0.2044231 0.2794751 0.2870828 0.3043307 0.2575166 0.2300300 0.2164530 0.0000000 0.1529249 0.1303661 0.5323835 0.4492707 
XP_003999611.1 1.9038081 2.0197055 1.3692381 1.6797545 1.5522830 0.9098017 0.6914549 0.4979375 0.2140193 0.2411948 0.2046538 0.2817323 0.2874539 0.2953477 0.2185137 0.2182581 0.2318687 0.1529249 0.0000000 0.1320896 0.5760661 0.4488294 
NP_001300728.1 1.8142008 2.0488512 1.3009099 1.7885772 1.4828258 0.9655498 0.6928960 0.5214124 0.2175279 0.2130261 0.1673785 0.2558788 0.2378424 0.2543386 0.1956811 0.1838475 0.1707683 0.1303661 0.1320896 0.0000000 0.5739454 0.4878925 
NP_037244.1    1.9030754 2.0121493 1.6197789 1.8364824 1.5945754 1.1606149 0.7868380 0.7996961 0.6010325 0.6364831 0.6062457 0.6393704 0.6773261 0.6871369 0.5614981 0.5828744 0.5627821 0.5323835 0.5760661 0.5739454 0.0000000 0.3509415 
AAA37248.1     1.7282784 2.0114484 1.5184967 1.8699640 1.4574534 0.9668520 0.7352718 0.7237589 0.5253504 0.5765157 0.5346060 0.5608736 0.6006590 0.5882772 0.5196135 0.4970364 0.5148076 0.4492707 0.4488294 0.4878925 0.3509415 0.0000000 
