25
XP_004950281.1  0.0000000 2.5935170 3.0081501 2.2606236 1.7878646 1.4966946 1.4966946 1.4586505 1.4235900 1.4022089 1.4022089 1.4662068 1.3860920 1.4600269 1.4574092 1.4759415 1.4878425 1.4373726 1.4401214 1.4797887 1.4882176 1.4400091 1.5530104 2.6309246 3.0222602 
XP_002942480.2  2.5935170 0.0000000 2.4019949 2.5052151 3.2405067 2.1148655 2.1148655 2.0338382 2.1143721 2.0954839 2.0549515 1.9227040 2.0227818 1.9415366 2.0049906 2.0918327 1.7741982 1.8271635 1.8704470 1.8244831 2.0125921 1.9424454 1.7575674 0.5701775 1.3027117 
NP_001038953.1  3.0081501 2.4019949 0.0000000 0.7826812 2.4928121 1.6280573 1.6280573 1.6042289 1.5825577 1.5850368 1.5505063 1.6070066 1.5751678 1.6168406 1.6921929 1.7584269 1.8265486 1.7582231 1.7338951 2.0049880 1.8885599 1.7457022 1.8448826 2.3127620 2.5546965 
XP_006643008.1  2.2606236 2.5052151 0.7826812 0.0000000 2.2308949 1.7509033 1.7509033 1.7646005 1.6865897 1.6544773 1.6581080 1.7975431 1.7786188 1.8624055 1.8088241 2.0848710 2.0109262 1.9654154 1.9880853 1.8571093 1.9184484 1.8211783 2.0217447 2.3627292 2.6957767 
XP_007656211.1  1.7878646 3.2405067 2.4928121 2.2308949 0.0000000 1.2376457 1.2376457 1.2708339 1.2370287 1.1490318 1.1658549 1.2165980 1.2639815 1.1798028 1.2069374 1.4054964 1.3048534 1.3125175 1.2973378 1.6736300 1.2762351 1.4941182 1.4156555 2.9943548 2.6467455 
NP_001634.1     1.4966946 2.1148655 1.6280573 1.7509033 1.2376457 0.0000000 0.0000010 0.0414212 0.0450552 0.0834512 0.0727352 0.3259363 0.2353414 0.2837349 0.2845945 0.3277899 0.3645877 0.3515844 0.3358307 1.0048694 0.6084273 0.5340121 0.6598355 2.0733575 2.1944473 
XP_004027815.1  1.4966946 2.1148655 1.6280573 1.7509033 1.2376457 0.0000010 0.0000000 0.0414212 0.0450552 0.0834512 0.0727352 0.3259363 0.2353414 0.2837349 0.2845945 0.3277899 0.3645877 0.3515844 0.3358307 1.0048694 0.6084273 0.5340121 0.6598355 2.0733575 2.1944473 
XP_009431992.1  1.4586505 2.0338382 1.6042289 1.7646005 1.2708339 0.0414212 0.0414212 0.0000000 0.0794718 0.1276494 0.1165558 0.3062047 0.2513960 0.3004745 0.2919249 0.3623121 0.4015075 0.3881119 0.3716414 1.0209244 0.6376597 0.5226301 0.6686493 1.9837854 2.2218305 
NP_001158123.1  1.4235900 2.1143721 1.5825577 1.6865897 1.2370287 0.0450552 0.0450552 0.0794718 0.0000000 0.1031415 0.0912935 0.3397121 0.2534276 0.2765978 0.2791173 0.3282536 0.3642403 0.3348802 0.3182113 0.9253598 0.5960386 0.4951540 0.6243462 2.0750845 2.1982610 
XP_003893015.1  1.4022089 2.0954839 1.5850368 1.6544773 1.1490318 0.0834512 0.0834512 0.1276494 0.1031415 0.0000000 0.0100653 0.2799700 0.1780398 0.2147074 0.2153125 0.2947092 0.3102106 0.2979027 0.2833361 0.9395972 0.5903651 0.4890313 0.6084723 2.0126401 2.1382200 
XP_001117975.1  1.4022089 2.0549515 1.5505063 1.6581080 1.1658549 0.0727352 0.0727352 0.1165558 0.0912935 0.0100653 0.0000000 0.2673376 0.1662757 0.2026165 0.2031811 0.2818861 0.2970429 0.2848122 0.2704245 0.9320007 0.5734247 0.4735844 0.5917758 1.9730053 2.0931016 
XP_001503846.1  1.4662068 1.9227040 1.6070066 1.7975431 1.2165980 0.3259363 0.3259363 0.3062047 0.3397121 0.2799700 0.2673376 0.0000000 0.2109785 0.2223239 0.2387203 0.2822625 0.2792003 0.2940686 0.3088470 1.0086378 0.6856297 0.5606886 0.6210112 1.8511651 2.0834650 
XP_536139.3     1.3860920 2.0227818 1.5751678 1.7786188 1.2639815 0.2353414 0.2353414 0.2513960 0.2534276 0.1780398 0.1662757 0.2109785 0.0000000 0.1296186 0.1314985 0.2157602 0.1940765 0.1825200 0.1696152 0.9415583 0.6723181 0.4319721 0.5612174 1.9545850 2.0689846 
XP_002715298.1  1.4600269 1.9415366 1.6168406 1.8624055 1.1798028 0.2837349 0.2837349 0.3004745 0.2765978 0.2147074 0.2026165 0.2223239 0.1296186 0.0000000 0.1521243 0.2103123 0.2548643 0.2279741 0.2146244 0.9195749 0.6501687 0.4327867 0.5209665 1.8635051 2.0075934 
XP_003999611.1  1.4574092 2.0049906 1.6921929 1.8088241 1.2069374 0.2845945 0.2845945 0.2919249 0.2791173 0.2153125 0.2031811 0.2387203 0.1314985 0.1521243 0.0000000 0.2124591 0.2168192 0.2167453 0.2301699 0.8876832 0.6718712 0.4435164 0.5629005 1.9246842 2.1198668 
NP_001173223.1  1.4759415 2.0918327 1.7584269 2.0848710 1.4054964 0.3277899 0.3277899 0.3623121 0.3282536 0.2947092 0.2818861 0.2822625 0.2157602 0.2103123 0.2124591 0.0000000 0.2558715 0.2188026 0.2197101 1.0312061 0.6808471 0.4852127 0.5864796 2.0235592 2.0397748 
NP_001039381.1  1.4878425 1.7741982 1.8265486 2.0109262 1.3048534 0.3645877 0.3645877 0.4015075 0.3642403 0.3102106 0.2970429 0.2792003 0.1940765 0.2548643 0.2168192 0.2558715 0.0000000 0.0312631 0.0420506 0.9191286 0.6421084 0.5065620 0.5501032 1.8366405 1.9763978 
XP_004002742.1  1.4373726 1.8271635 1.7582231 1.9654154 1.3125175 0.3515844 0.3515844 0.3881119 0.3348802 0.2979027 0.2848122 0.2940686 0.1825200 0.2279741 0.2167453 0.2188026 0.0312631 0.0000000 0.0104201 0.9399023 0.6203009 0.4749145 0.5704327 1.8449218 1.9429975 
XP_005677218.1  1.4401214 1.8704470 1.7338951 1.9880853 1.2973378 0.3358307 0.3358307 0.3716414 0.3182113 0.2833361 0.2704245 0.3088470 0.1696152 0.2146244 0.2301699 0.2197101 0.0420506 0.0104201 0.0000000 0.9420290 0.6289844 0.4573323 0.5509208 1.8566435 1.9429975 
XP_005293843.1  1.4797887 1.8244831 2.0049880 1.8571093 1.6736300 1.0048694 1.0048694 1.0209244 0.9253598 0.9395972 0.9320007 1.0086378 0.9415583 0.9195749 0.8876832 1.0312061 0.9191286 0.9399023 0.9420290 0.0000000 1.0935359 0.9776530 1.1286643 1.4071279 2.1020375 
XP_001371984.1  1.4882176 2.0125921 1.8885599 1.9184484 1.2762351 0.6084273 0.6084273 0.6376597 0.5960386 0.5903651 0.5734247 0.6856297 0.6723181 0.6501687 0.6718712 0.6808471 0.6421084 0.6203009 0.6289844 1.0935359 0.0000000 0.7289110 0.7617021 1.7838302 1.5590958 
XP_006496688.1  1.4400091 1.9424454 1.7457022 1.8211783 1.4941182 0.5340121 0.5340121 0.5226301 0.4951540 0.4890313 0.4735844 0.5606886 0.4319721 0.4327867 0.4435164 0.4852127 0.5065620 0.4749145 0.4573323 0.9776530 0.7289110 0.0000000 0.3185543 1.8393797 1.8591863 
XP_006250301.1  1.5530104 1.7575674 1.8448826 2.0217447 1.4156555 0.6598355 0.6598355 0.6686493 0.6243462 0.6084723 0.5917758 0.6210112 0.5612174 0.5209665 0.5629005 0.5864796 0.5501032 0.5704327 0.5509208 1.1286643 0.7617021 0.3185543 0.0000000 1.8029982 2.1033196 
GJQV01093856    2.6309246 0.5701775 2.3127620 2.3627292 2.9943548 2.0733575 2.0733575 1.9837854 2.0750845 2.0126401 1.9730053 1.8511651 1.9545850 1.8635051 1.9246842 2.0235592 1.8366405 1.8449218 1.8566435 1.4071279 1.7838302 1.8393797 1.8029982 0.0000000 0.9844070 
JAQSEC010000013 3.0222602 1.3027117 2.5546965 2.6957767 2.6467455 2.1944473 2.1944473 2.2218305 2.1982610 2.1382200 2.0931016 2.0834650 2.0689846 2.0075934 2.1198668 2.0397748 1.9763978 1.9429975 1.9429975 2.1020375 1.5590958 1.8591863 2.1033196 0.9844070 0.0000000 
