23
NP_000474.2     0.0000000 0.0100241 0.0201632 0.0943382 0.1292926 0.1400762 0.4707850 0.4873098 0.3961842 0.5182401 0.5886802 0.4585316 0.3951797 0.5574681 0.4811029 0.4510709 1.1698777 1.0278667 1.5741461 1.9440378 1.9950605 2.7483404 3.5890718 
NP_001230828.1  0.0100241 0.0000000 0.0100158 0.0963702 0.1293698 0.1429666 0.4635232 0.4798052 0.3899331 0.5107593 0.5793745 0.4421456 0.3889339 0.5456500 0.4736297 0.4443634 1.1677917 1.0278667 1.5741461 1.9331942 1.9764589 2.7483404 3.5890718 
XP_018870627.1  0.0201632 0.0100158 0.0000000 0.1077020 0.1410404 0.1549164 0.4800906 0.4966517 0.4055072 0.5284076 0.5986646 0.4453289 0.3934852 0.5274301 0.4774237 0.4609097 1.2014431 1.0320141 1.6239705 1.9467827 1.9840988 2.8684423 3.6381111 
XP_009231041.1  0.0943382 0.0963702 0.1077020 0.0000000 0.0957924 0.0956199 0.4235033 0.4393766 0.3511815 0.4643874 0.5918117 0.4411755 0.4275954 0.5167756 0.4390692 0.4313960 1.2026563 1.0571114 1.6162352 1.9788931 2.0344635 2.7761368 3.5824583 
XP_009196973.1  0.1292926 0.1293698 0.1410404 0.0957924 0.0000000 0.0205260 0.3857725 0.4009683 0.3160519 0.4534896 0.5233840 0.4192819 0.4195376 0.4880730 0.4034775 0.3708577 1.0545723 0.9533601 1.5689621 1.9090071 2.0054882 2.6483771 3.2794977 
XP_002801531.1  0.1400762 0.1429666 0.1549164 0.0956199 0.0205260 0.0000000 0.3869599 0.4021682 0.3328941 0.4506693 0.5246707 0.4397008 0.4207840 0.4886627 0.4017732 0.3686095 1.0741379 0.9277059 1.6124059 1.8819105 2.0232276 2.6949859 3.4115648 
XP_004015363.1  0.4707850 0.4635232 0.4800906 0.4235033 0.3857725 0.3869599 0.0000000 0.0099158 0.0715024 0.2967629 0.4585135 0.3901266 0.3978142 0.6690413 0.5480337 0.4691636 1.1499256 1.0023847 1.8789784 1.8491779 1.8442308 3.2043929 3.5733444 
XP_005701831.1  0.4873098 0.4798052 0.4966517 0.4393766 0.4009683 0.4021682 0.0099158 0.0000000 0.0821957 0.3110263 0.4748885 0.4056157 0.4133776 0.6765970 0.5669749 0.4860943 1.1453214 1.0227592 1.9321736 1.8901239 1.8852838 3.0868716 3.6958740 
NP_001095850.1  0.3961842 0.3899331 0.4055072 0.3511815 0.3160519 0.3328941 0.0715024 0.0821957 0.0000000 0.3183376 0.4898806 0.3930499 0.3927238 0.6470862 0.5352709 0.4333048 1.2422917 0.9681388 1.7346515 1.8980131 1.8964301 2.9410127 3.3105545 
XP_005653336.1  0.5182401 0.5107593 0.5284076 0.4643874 0.4534896 0.4506693 0.2967629 0.3110263 0.3183376 0.0000000 0.4652144 0.4609018 0.3790083 0.5793212 0.4733229 0.4156138 1.1705556 0.8892682 1.6549222 2.1348096 2.0993062 3.0799529 3.7241140 
XP_003997697.1  0.5886802 0.5793745 0.5986646 0.5918117 0.5233840 0.5246707 0.4585135 0.4748885 0.4898806 0.4652144 0.0000000 0.3953750 0.4369341 0.7405931 0.6651317 0.5424515 1.2697004 0.9717918 1.9176822 2.0509801 2.4923499 3.2328549 3.6903739 
NP_001003368.1  0.4585316 0.4421456 0.4453289 0.4411755 0.4192819 0.4397008 0.3901266 0.4056157 0.3930499 0.4609018 0.3953750 0.0000000 0.3245624 0.5406930 0.5140915 0.5054817 1.3028795 1.0334055 1.7719268 2.0171354 2.0559464 3.0276157 3.4702351 
XP_001502426.1  0.3951797 0.3889339 0.3934852 0.4275954 0.4195376 0.4207840 0.3978142 0.4133776 0.3927238 0.3790083 0.4369341 0.3245624 0.0000000 0.5001460 0.4392608 0.3710910 1.2894866 0.9654597 1.8283394 1.9924326 2.0981224 3.0125655 3.9665386 
NP_001264873.1  0.5574681 0.5456500 0.5274301 0.5167756 0.4880730 0.4886627 0.6690413 0.6765970 0.6470862 0.5793212 0.7405931 0.5406930 0.5001460 0.0000000 0.2583031 0.5461930 1.4327129 1.0287715 2.0288450 2.0456627 2.0996234 3.0976298 3.7598755 
NP_001078821.1  0.4811029 0.4736297 0.4774237 0.4390692 0.4034775 0.4017732 0.5480337 0.5669749 0.5352709 0.4733229 0.6651317 0.5140915 0.4392608 0.2583031 0.0000000 0.4003729 1.2240970 0.9553606 2.0251997 2.1669618 2.1187621 2.7651599 3.8635946 
XP_008250476.1  0.4510709 0.4443634 0.4609097 0.4313960 0.3708577 0.3686095 0.4691636 0.4860943 0.4333048 0.4156138 0.5424515 0.5054817 0.3710910 0.5461930 0.4003729 0.0000000 1.1373563 0.9652542 1.5761548 1.9058716 2.0711096 2.8549655 3.7590403 
XP_007491646.1  1.1698777 1.1677917 1.2014431 1.2026563 1.0545723 1.0741379 1.1499256 1.1453214 1.2422917 1.1705556 1.2697004 1.3028795 1.2894866 1.4327129 1.2240970 1.1373563 0.0000000 1.2824433 2.0820102 2.6187258 2.8083809 3.3932723 4.6867708 
XP_007659067.1  1.0278667 1.0278667 1.0320141 1.0571114 0.9533601 0.9277059 1.0023847 1.0227592 0.9681388 0.8892682 0.9717918 1.0334055 0.9654597 1.0287715 0.9553606 0.9652542 1.2824433 0.0000000 1.4175770 1.6395520 1.9114829 2.7985269 2.7755472 
XP_004920591.1  1.5741461 1.5741461 1.6239705 1.6162352 1.5689621 1.6124059 1.8789784 1.9321736 1.7346515 1.6549222 1.9176822 1.7719268 1.8283394 2.0288450 2.0251997 1.5761548 2.0820102 1.4175770 0.0000000 1.5240522 1.5589007 2.2019444 3.6392439 
NP_001027890.1  1.9440378 1.9331942 1.9467827 1.9788931 1.9090071 1.8819105 1.8491779 1.8901239 1.8980131 2.1348096 2.0509801 2.0171354 1.9924326 2.0456627 2.1669618 1.9058716 2.6187258 1.6395520 1.5240522 0.0000000 0.6127661 3.4444830 3.0273931 
XP_691110.1     1.9950605 1.9764589 1.9840988 2.0344635 2.0054882 2.0232276 1.8442308 1.8852838 1.8964301 2.0993062 2.4923499 2.0559464 2.0981224 2.0996234 2.1187621 2.0711096 2.8083809 1.9114829 1.5589007 0.6127661 0.0000000 3.3385743 4.2370736 
GJQV01093856    2.7483404 2.7483404 2.8684423 2.7761368 2.6483771 2.6949859 3.2043929 3.0868716 2.9410127 3.0799529 3.2328549 3.0276157 3.0125655 3.0976298 2.7651599 2.8549655 3.3932723 2.7985269 2.2019444 3.4444830 3.3385743 0.0000000 1.0971184 
JAQSEC010000013 3.5890718 3.5890718 3.6381111 3.5824583 3.2794977 3.4115648 3.5733444 3.6958740 3.3105545 3.7241140 3.6903739 3.4702351 3.9665386 3.7598755 3.8635946 3.7590403 4.6867708 2.7755472 3.6392439 3.0273931 4.2370736 1.0971184 0.0000000 
