23
NP_000474.2     0.0000000 0.0100242 0.0201639 0.0943495 0.1293217 0.1401074 0.4711139 0.4876623 0.3964570 0.5186357 0.3954753 0.4588260 0.5892555 0.5579886 0.4814827 0.4514257 1.1717225 1.0294367 1.5773978 1.9486369 1.9997343 2.7563986 3.6015656 
NP_001230828.1  0.0100242 0.0000000 0.0100160 0.0963870 0.1293991 0.1430057 0.4638307 0.4801354 0.3901865 0.5111309 0.3892096 0.4424253 0.5799214 0.5461365 0.4739858 0.4446965 1.1696163 1.0294367 1.5773978 1.9377067 1.9810346 2.7563986 3.6015656 
XP_018870627.1  0.0201639 0.0100160 0.0000000 0.1077235 0.1410762 0.1549631 0.4804253 0.4970107 0.4057842 0.5288103 0.3937748 0.4456235 0.5992514 0.5278829 0.4777980 0.4612702 1.2033726 1.0336135 1.6274133 1.9513819 1.9887563 2.8771170 3.6508586 
XP_009231041.1  0.0943495 0.0963870 0.1077235 0.0000000 0.0958108 0.0956365 0.4237884 0.4396831 0.3514138 0.4647212 0.4279244 0.4414854 0.5924025 0.5172336 0.4393821 0.4317356 1.2045889 1.0587464 1.6196151 1.9835453 2.0393034 2.7844623 3.5953685 
XP_009196973.1  0.1293217 0.1293991 0.1410762 0.0958108 0.0000000 0.0205271 0.3859932 0.4012072 0.3162280 0.4538054 0.4198622 0.4195760 0.5238724 0.4885054 0.4037557 0.3711031 1.0561092 0.9547457 1.5720866 1.9133331 2.0101125 2.6561096 3.2904218 
XP_002801531.1  0.1401074 0.1430057 0.1549631 0.0956365 0.0205271 0.0000000 0.3871826 0.4024089 0.3330904 0.4509745 0.4211106 0.4400219 0.5251602 0.4890978 0.4020440 0.3688464 1.0757642 0.9290403 1.6156337 1.8862351 2.0280016 2.7028549 3.4233838 
XP_004015363.1  0.4711139 0.4638307 0.4804253 0.4237884 0.3859932 0.3871826 0.0000000 0.0099160 0.0715084 0.2969391 0.3980833 0.3904145 0.4588470 0.6696832 0.5484807 0.4695568 1.1516503 1.0037159 1.8832977 1.8533806 1.8483294 3.2146247 3.5855974 
XP_005701831.1  0.4876623 0.4801354 0.4970107 0.4396831 0.4012072 0.4024089 0.0099160 0.0000000 0.0822042 0.3112177 0.4136672 0.4059243 0.4752453 0.6772611 0.5674518 0.4865139 1.1470352 1.0241518 1.9367242 1.8944472 1.8894794 3.0964201 3.7086141 
NP_001095850.1  0.3964570 0.3901865 0.4057842 0.3514138 0.3162280 0.3330904 0.0715084 0.0822042 0.0000000 0.3185454 0.3930070 0.3933403 0.4902678 0.6477175 0.5357241 0.4336888 1.2442344 0.9694183 1.7385164 1.9024262 1.9006927 2.9497724 3.3214424 
XP_005653336.1  0.5186357 0.5111309 0.5288103 0.4647212 0.4538054 0.4509745 0.2969391 0.3112177 0.3185454 0.0000000 0.3792678 0.4612101 0.4655145 0.5797899 0.4736196 0.4159228 1.1723004 0.8904468 1.6583811 2.1400788 2.1041011 3.0891902 3.7377567 
XP_001502426.1  0.3954753 0.3892096 0.3937748 0.4279244 0.4198622 0.4211106 0.3980833 0.4136672 0.3930070 0.3792678 0.0000000 0.3247197 0.4373122 0.5005641 0.4395483 0.3713706 1.2916707 0.9669072 1.8323766 1.9971664 2.1031569 3.0220241 3.9823103 
NP_001003368.1  0.4588260 0.4424253 0.4456235 0.4414854 0.4195760 0.4400219 0.3904145 0.4059243 0.3933403 0.4612101 0.3247197 0.0000000 0.3956185 0.5411104 0.5144256 0.5058926 1.3050475 1.0350005 1.7758351 2.0217298 2.0607774 3.0379901 3.4822661 
XP_003997697.1  0.5892555 0.5799214 0.5992514 0.5924025 0.5238724 0.5251602 0.4588470 0.4752453 0.4902678 0.4655145 0.4373122 0.3956185 0.0000000 0.7413273 0.6657515 0.5429286 1.2718393 0.9732597 1.9219604 2.0558688 2.4991523 3.2442125 3.7047961 
NP_001264873.1  0.5579886 0.5461365 0.5278829 0.5172336 0.4885054 0.4890978 0.6696832 0.6772611 0.6477175 0.5797899 0.5005641 0.5411104 0.7413273 0.0000000 0.2584182 0.5466837 1.4353460 1.0302472 2.0336562 2.0503590 2.1046131 3.1077296 3.7739579 
NP_001078821.1  0.4814827 0.4739858 0.4777980 0.4393821 0.4037557 0.4020440 0.5484807 0.5674518 0.5357241 0.4736196 0.4395483 0.5144256 0.6657515 0.2584182 0.0000000 0.4006772 1.2261310 0.9568025 2.0299872 2.1721838 2.1236991 2.7730543 3.8777409 
XP_008250476.1  0.4514257 0.4446965 0.4612702 0.4317356 0.3711031 0.3688464 0.4695568 0.4865139 0.4336888 0.4159228 0.3713706 0.5058926 0.5429286 0.5466837 0.4006772 0.0000000 1.1391502 0.9666132 1.5792483 1.9101835 2.0757928 2.8638131 3.7739308 
XP_007491646.1  1.1717225 1.1696163 1.2033726 1.2045889 1.0561092 1.0757642 1.1516503 1.1470352 1.2442344 1.1723004 1.2916707 1.3050475 1.2718393 1.4353460 1.2261310 1.1391502 0.0000000 1.2850108 2.0868592 2.6258771 2.8159069 3.4045119 4.7048353 
XP_007659067.1  1.0294367 1.0294367 1.0336135 1.0587464 0.9547457 0.9290403 1.0037159 1.0241518 0.9694183 0.8904468 0.9669072 1.0350005 0.9732597 1.0302472 0.9568025 0.9666132 1.2850108 0.0000000 1.4202009 1.6429921 1.9155687 2.8071204 2.7836526 
XP_004920591.1  1.5773978 1.5773978 1.6274133 1.6196151 1.5720866 1.6156337 1.8832977 1.9367242 1.7385164 1.6583811 1.8323766 1.7758351 1.9219604 2.0336562 2.0299872 1.5792483 2.0868592 1.4202009 0.0000000 1.5271246 1.5620521 2.2077151 3.6515820 
NP_001027890.1  1.9486369 1.9377067 1.9513819 1.9835453 1.9133331 1.8862351 1.8533806 1.8944472 1.9024262 2.1400788 1.9971664 2.0217298 2.0558688 2.0503590 2.1721838 1.9101835 2.6258771 1.6429921 1.5271246 0.0000000 0.6133405 3.4568295 3.0365700 
XP_691110.1     1.9997343 1.9810346 1.9887563 2.0393034 2.0101125 2.0280016 1.8483294 1.8894794 1.9006927 2.1041011 2.1031569 2.0607774 2.4991523 2.1046131 2.1236991 2.0757928 2.8159069 1.9155687 1.5620521 0.6133405 0.0000000 3.3503996 4.2534202 
GJQV01093856    2.7563986 2.7563986 2.8771170 2.7844623 2.6561096 2.7028549 3.2146247 3.0964201 2.9497724 3.0891902 3.0220241 3.0379901 3.2442125 3.1077296 2.7730543 2.8638131 3.4045119 2.8071204 2.2077151 3.4568295 3.3503996 0.0000000 1.0989940 
JAQSEC010000013 3.6015656 3.6015656 3.6508586 3.5953685 3.2904218 3.4233838 3.5855974 3.7086141 3.3214424 3.7377567 3.9823103 3.4822661 3.7047961 3.7739579 3.8777409 3.7739308 4.7048353 2.7836526 3.6515820 3.0365700 4.2534202 1.0989940 0.0000000 
