28
NP_000032.1     0.0000000 0.0295278 0.0560747 0.0335769 0.0645480 0.0837161 0.4334030 0.4183331 0.4082326 0.4549649 0.3653736 0.3337466 0.4460991 0.4301913 0.4020436 0.3768929 1.0237714 1.3252293 2.0233426 1.6573434 2.2718450 1.6337272 2.4408942 2.2876351 2.2452559 3.1788152 2.3709445 3.0175732 
NP_001009007.1  0.0295278 0.0000000 0.0449500 0.0140232 0.0575895 0.0705592 0.4126543 0.3969716 0.4003993 0.4356954 0.3432383 0.3199492 0.4170072 0.4235987 0.3918312 0.3636748 1.0528772 1.2859253 1.9768606 1.6071749 2.2298138 1.5728527 2.4159196 2.2884080 2.1879003 3.1304391 2.3366814 3.0175732 
XP_002829426.1  0.0560747 0.0449500 0.0000000 0.0623146 0.0753629 0.0983331 0.4330790 0.4150333 0.4112920 0.4643074 0.3749560 0.3347407 0.4602193 0.4418221 0.3932019 0.3746717 1.0507820 1.2713378 2.0322531 1.6619228 2.2428935 1.6043557 2.4108744 2.2330161 2.2084110 3.0690098 2.6358518 3.5743837 
XP_004061033.1  0.0335769 0.0140232 0.0623146 0.0000000 0.0692447 0.0897394 0.3732815 0.3430989 0.3555339 0.3906847 0.3264730 0.3136858 0.3085403 0.4629797 0.3741158 0.3413138 1.0052605 1.2801134 1.7647523 1.3639046 1.8892129 1.5515211 2.1830068 2.1162969 1.8438210 2.9406171 2.2060196 2.7428647 
XP_003918648.1  0.0645480 0.0575895 0.0753629 0.0692447 0.0000000 0.0194552 0.4090105 0.3978817 0.3976538 0.4297274 0.3123863 0.3353045 0.3981474 0.4086518 0.3809869 0.3630894 1.0698911 1.2623707 2.0420365 1.6643617 2.2707109 1.6170487 2.4607201 2.3056093 2.2217270 3.2990834 2.4343201 3.0761358 
XP_001104482.2  0.0837161 0.0705592 0.0983331 0.0897394 0.0194552 0.0000000 0.4353263 0.4298408 0.4197223 0.4593837 0.3213458 0.3613832 0.3903969 0.4291680 0.3842202 0.3683352 1.0848129 1.2421862 2.1210617 1.5693282 2.2234567 1.6170487 2.2649280 2.1926411 2.0855774 3.3320590 2.4279924 3.3151543 
XP_005701832.1  0.4334030 0.4126543 0.4330790 0.3732815 0.4090105 0.4353263 0.0000000 0.0269709 0.0865729 0.4964719 0.2545307 0.4640227 0.4275147 0.3781498 0.4803581 0.4989785 1.1806185 1.3573645 2.0409724 1.5825975 2.1508528 1.6603740 2.5256163 2.4186420 2.1219361 3.1078048 2.4269511 2.9516818 
XP_004015786.1  0.4183331 0.3969716 0.4150333 0.3430989 0.3978817 0.4298408 0.0269709 0.0000000 0.1006361 0.5948904 0.2308105 0.4575851 0.4141141 0.3523229 0.4982685 0.5170545 1.1547713 1.3202423 2.0023721 1.6003745 2.1171429 1.6603740 2.5344194 2.3689941 2.1305200 3.0409963 2.3940544 2.9264199 
NP_776416.1     0.4082326 0.4003993 0.4112920 0.3555339 0.3976538 0.4197223 0.0865729 0.1006361 0.0000000 0.4968982 0.2711302 0.4504977 0.4211355 0.3922839 0.4987951 0.5052371 1.1793779 1.3447332 2.0732824 1.6223701 2.1762993 1.7016816 2.4970784 2.4072744 2.1885704 3.1323883 2.4861165 2.9621686 
XP_005616517.1  0.4549649 0.4356954 0.4643074 0.3906847 0.4297274 0.4593837 0.4964719 0.5948904 0.4968982 0.0000000 0.1908301 0.5028901 0.4819941 0.5453910 0.5416013 0.5246571 1.1897644 1.3156637 2.0475814 1.6528262 2.1969856 1.6232417 2.3772816 2.2353737 2.0903333 3.0568501 2.6691385 3.3753846 
XP_003997740.1  0.3653736 0.3432383 0.3749560 0.3264730 0.3123863 0.3213458 0.2545307 0.2308105 0.2711302 0.1908301 0.0000000 0.4058071 0.2621808 0.3735131 0.3580001 0.3720038 1.1753329 1.1939186 1.9157656 1.3876578 1.8207888 1.6153643 2.1102563 2.0716573 1.9332369 2.9164517 2.4235719 3.2660320 
NP_001076112.1  0.3337466 0.3199492 0.3347407 0.3136858 0.3353045 0.3613832 0.4640227 0.4575851 0.4504977 0.5028901 0.4058071 0.0000000 0.4735362 0.4910495 0.4770288 0.4706558 1.1429862 1.3359309 2.1227906 1.7642497 2.2188132 1.7062625 2.5225224 2.3412192 2.1875678 3.3263140 2.7051338 3.4627449 
XP_005614820.1  0.4460991 0.4170072 0.4602193 0.3085403 0.3981474 0.3903969 0.4275147 0.4141141 0.4211355 0.4819941 0.2621808 0.4735362 0.0000000 0.4822884 0.4858175 0.4838407 1.1451625 1.3757735 2.0142470 1.4816075 2.0168264 1.5618560 2.0777519 2.0654018 1.9758416 2.8522353 2.7048924 3.3085352 
NP_999473.1     0.4301913 0.4235987 0.4418221 0.4629797 0.4086518 0.4291680 0.3781498 0.3523229 0.3922839 0.5453910 0.3735131 0.4910495 0.4822884 0.0000000 0.4889533 0.4729439 1.2336664 1.5177371 2.1032309 1.6684826 2.2077780 1.6815236 2.5136749 2.3877750 2.3266241 3.0623983 2.5040843 2.8150695 
NP_001257612.1  0.4020436 0.3918312 0.3932019 0.3741158 0.3809869 0.3842202 0.4803581 0.4982685 0.4987951 0.5416013 0.3580001 0.4770288 0.4858175 0.4889533 0.0000000 0.0848703 1.0464339 1.2513884 1.9600035 1.5844604 2.1045362 1.5051175 2.2867672 2.1561302 2.1019094 2.9741618 2.5823465 3.0610812 
NP_033826.2     0.3768929 0.3636748 0.3746717 0.3413138 0.3630894 0.3683352 0.4989785 0.5170545 0.5052371 0.5246571 0.3720038 0.4706558 0.4838407 0.4729439 0.0848703 0.0000000 1.0582576 1.2790302 1.9851324 1.5368985 2.0563914 1.4980002 2.2488729 2.1633022 2.1249064 3.0123192 2.5306241 3.0759383 
XP_007491633.1  1.0237714 1.0528772 1.0507820 1.0052605 1.0698911 1.0848129 1.1806185 1.1547713 1.1793779 1.1897644 1.1753329 1.1429862 1.1451625 1.2336664 1.0464339 1.0582576 0.0000000 1.4700629 2.0423450 1.7764590 2.0438780 1.5749194 2.4365577 2.0803905 2.0802526 3.0904961 2.9262547 3.8090508 
XP_007656348.1  1.3252293 1.2859253 1.2713378 1.2801134 1.2623707 1.2421862 1.3573645 1.3202423 1.3447332 1.3156637 1.1939186 1.3359309 1.3757735 1.5177371 1.2513884 1.2790302 1.4700629 0.0000000 1.9140017 1.6250115 2.0974879 1.4537352 2.5833560 2.4920753 2.0589270 3.1039292 2.9640088 3.7629231 
XP_005999187.1  2.0233426 1.9768606 2.0322531 1.7647523 2.0420365 2.1210617 2.0409724 2.0023721 2.0732824 2.0475814 1.9157656 2.1227906 2.0142470 2.1032309 1.9600035 1.9851324 2.0423450 1.9140017 0.0000000 1.1072789 1.3850109 0.9694426 1.7381193 1.7128061 1.3158520 2.2396450 2.4799575 3.2522854 
XP_005289542.1  1.6573434 1.6071749 1.6619228 1.3639046 1.6643617 1.5693282 1.5825975 1.6003745 1.6223701 1.6528262 1.3876578 1.7642497 1.4816075 1.6684826 1.5844604 1.5368985 1.7764590 1.6250115 1.1072789 0.0000000 1.1610016 1.0653334 1.9249383 1.8317211 1.3088754 2.2451121 2.4887864 3.2680364 
XP_002941085.2  2.2718450 2.2298138 2.2428935 1.8892129 2.2707109 2.2234567 2.1508528 2.1171429 2.1762993 2.1969856 1.8207888 2.2188132 2.0168264 2.2077780 2.1045362 2.0563914 2.0438780 2.0974879 1.3850109 1.1610016 0.0000000 1.1203161 2.0970619 1.9315647 1.4875740 2.7140589 2.5071471 3.2317769 
XP_015191895.1  1.6337272 1.5728527 1.6043557 1.5515211 1.6170487 1.6170487 1.6603740 1.6603740 1.7016816 1.6232417 1.6153643 1.7062625 1.5618560 1.6815236 1.5051175 1.4980002 1.5749194 1.4537352 0.9694426 1.0653334 1.1203161 0.0000000 1.3049954 1.0133749 1.0708556 2.4225868 3.2776762 2.6173235 
XP_004078300.1  2.4408942 2.4159196 2.4108744 2.1830068 2.4607201 2.2649280 2.5256163 2.5344194 2.4970784 2.3772816 2.1102563 2.5225224 2.0777519 2.5136749 2.2867672 2.2488729 2.4365577 2.5833560 1.7381193 1.9249383 2.0970619 1.3049954 0.0000000 0.8138780 1.4124495 2.9148118 2.4295208 3.3028541 
NP_001072103.1  2.2876351 2.2884080 2.2330161 2.1162969 2.3056093 2.1926411 2.4186420 2.3689941 2.4072744 2.2353737 2.0716573 2.3412192 2.0654018 2.3877750 2.1561302 2.1633022 2.0803905 2.4920753 1.7128061 1.8317211 1.9315647 1.0133749 0.8138780 0.0000000 1.4357404 2.9482768 2.9797526 3.7597488 
NP_001018401.1  2.2452559 2.1879003 2.2084110 1.8438210 2.2217270 2.0855774 2.1219361 2.1305200 2.1885704 2.0903333 1.9332369 2.1875678 1.9758416 2.3266241 2.1019094 2.1249064 2.0802526 2.0589270 1.3158520 1.3088754 1.4875740 1.0708556 1.4124495 1.4357404 0.0000000 2.2088063 2.4712663 2.6264672 
XP_003229179.2  3.1788152 3.1304391 3.0690098 2.9406171 3.2990834 3.3320590 3.1078048 3.0409963 3.1323883 3.0568501 2.9164517 3.3263140 2.8522353 3.0623983 2.9741618 3.0123192 3.0904961 3.1039292 2.2396450 2.2451121 2.7140589 2.4225868 2.9148118 2.9482768 2.2088063 0.0000000 3.1995473 4.1287760 
GJQV01093856    2.3709445 2.3366814 2.6358518 2.2060196 2.4343201 2.4279924 2.4269511 2.3940544 2.4861165 2.6691385 2.4235719 2.7051338 2.7048924 2.5040843 2.5823465 2.5306241 2.9262547 2.9640088 2.4799575 2.4887864 2.5071471 3.2776762 2.4295208 2.9797526 2.4712663 3.1995473 0.0000000 1.1881544 
JAQSEC010000013 3.0175732 3.0175732 3.5743837 2.7428647 3.0761358 3.3151543 2.9516818 2.9264199 2.9621686 3.3753846 3.2660320 3.4627449 3.3085352 2.8150695 3.0610812 3.0759383 3.8090508 3.7629231 3.2522854 3.2680364 3.2317769 2.6173235 3.3028541 3.7597488 2.6264672 4.1287760 1.1881544 0.0000000 
