28
XP_005271597.1 0.0000000 0.0000010 0.0522316 0.0522316 0.0197057 0.1707664 0.3596261 0.5176705 0.4664615 0.2404324 0.2256472 0.2484314 0.2484000 0.2877280 0.6784482 0.8566399 0.8698126 0.8538280 1.0631521 1.1921158 1.8055985 2.2168037 2.5985771 2.1195624 1.6846937 2.0607798 1.5202402 2.1432370 
XP_004052232.1 0.0000010 0.0000000 0.0522316 0.0522316 0.0197057 0.1707664 0.3596261 0.5176705 0.4664615 0.2404324 0.2256472 0.2484314 0.2484000 0.2877280 0.6784482 0.8566399 0.8698126 0.8538280 1.0631521 1.1921158 1.8055985 2.2168037 2.5985771 2.1195624 1.6846937 2.0607798 1.5202402 2.1432370 
NP_001106116.1 0.0522316 0.0522316 0.0000000 0.0000010 0.0483828 0.1944474 0.3528575 0.5439496 0.4957935 0.2700673 0.2630679 0.2655460 0.2768586 0.3051589 0.6572957 0.8194404 0.8337591 0.8275411 1.0575883 1.1583596 1.8424448 2.2755961 2.6161686 2.1034907 1.6890230 2.0438321 1.5255897 2.0255250 
XP_001090774.1 0.0522316 0.0522316 0.0000010 0.0000000 0.0483828 0.1944474 0.3528575 0.5439496 0.4957935 0.2700673 0.2630679 0.2655460 0.2768586 0.3051589 0.6572957 0.8194404 0.8337591 0.8275411 1.0575883 1.1583596 1.8424448 2.2755961 2.6161686 2.1034907 1.6890230 2.0438321 1.5255897 2.0255250 
XP_009245368.1 0.0197057 0.0197057 0.0483828 0.0483828 0.0000000 0.1794113 0.3631715 0.5286831 0.4835452 0.2539205 0.2395809 0.2574022 0.2598824 0.2866385 0.7022464 0.8664489 0.8810708 0.8654499 1.0678680 1.1712273 1.8509597 2.2141343 2.6185707 2.0971137 1.6794201 2.0098369 1.4860280 2.1798720 
XP_536564.2    0.1707664 0.1707664 0.1944474 0.1944474 0.1794113 0.0000000 0.2404053 0.4665375 0.4085130 0.2331601 0.1771104 0.1702717 0.1740639 0.2317912 0.6559539 0.8462579 0.8575834 0.8500616 1.0367119 1.2343140 1.9290425 2.2919576 2.5838046 2.1685723 1.6976679 1.9837497 1.4878198 1.9630601 
XP_003992505.2 0.3596261 0.3596261 0.3528575 0.3528575 0.3631715 0.2404053 0.0000000 0.7055279 0.5798918 0.4179940 0.3849552 0.3704625 0.3011862 0.4028495 0.8313962 1.0201879 0.9948235 0.9730055 1.2140518 1.3574837 2.3209949 2.4651806 2.7214214 2.4297004 1.9219084 2.2905018 1.6442621 1.9628225 
NP_036870.1    0.5176705 0.5176705 0.5439496 0.5439496 0.5286831 0.4665375 0.7055279 0.0000000 0.3722839 0.5138908 0.5151939 0.4898602 0.4234034 0.5300955 0.9270967 1.0692765 1.0722532 1.0299426 1.2226740 1.3857530 2.1544118 2.2356378 2.4743896 2.2887911 1.8201606 2.1288634 1.5279893 2.3498902 
NP_033822.2    0.4664615 0.4664615 0.4957935 0.4957935 0.4835452 0.4085130 0.5798918 0.3722839 0.0000000 0.4374329 0.4813076 0.4320624 0.3629031 0.4495645 0.8308408 1.0230851 1.0290531 0.9884495 1.1189710 1.2420014 1.9398239 2.0719253 2.3072339 2.1035730 1.7049559 1.9563634 1.3969096 2.0166157 
NP_001095157.1 0.2404324 0.2404324 0.2700673 0.2700673 0.2539205 0.2331601 0.4179940 0.5138908 0.4374329 0.0000000 0.3076766 0.2781419 0.2466334 0.3075363 0.6894161 0.8773959 0.8887498 0.8680171 1.1061781 1.2531297 1.8834262 2.2688392 2.3751397 2.0569576 1.6370667 2.0373001 1.5551036 1.9803861 
NP_999563.1    0.2256472 0.2256472 0.2630679 0.2630679 0.2395809 0.1771104 0.3849552 0.5151939 0.4813076 0.3076766 0.0000000 0.1403597 0.1357758 0.2667212 0.6782935 0.8312885 0.8100761 0.8477020 1.0526854 1.3622751 1.9202618 2.3208591 2.5633109 2.0731208 1.6946504 1.9483154 1.5365847 2.0817756 
NP_776667.2    0.2484314 0.2484314 0.2655460 0.2655460 0.2574022 0.1702717 0.3704625 0.4898602 0.4320624 0.2781419 0.1403597 0.0000000 0.0098926 0.2374558 0.6497268 0.8496915 0.8369855 0.8397158 1.0151874 1.3055097 1.8052202 2.3256973 2.6099654 2.0678559 1.6322442 1.9992722 1.4192498 2.0059052 
XP_005689684.1 0.2484000 0.2484000 0.2768586 0.2768586 0.2598824 0.1740639 0.3011862 0.4234034 0.3629031 0.2466334 0.1357758 0.0098926 0.0000000 0.2222398 0.5607611 0.7939931 0.8065794 0.7910762 0.9448462 1.2867829 1.6965612 2.1717314 2.3847179 1.9728607 1.5863236 1.9998353 1.2888611 1.9914748 
XP_005611649.1 0.2877280 0.2877280 0.3051589 0.3051589 0.2866385 0.2317912 0.4028495 0.5300955 0.4495645 0.3075363 0.2667212 0.2374558 0.2222398 0.0000000 0.6985139 0.9036507 0.8968977 0.8522318 1.0763042 1.2391803 1.8859123 2.3154114 2.5792181 2.0920336 1.7230675 1.9437042 1.4905278 2.0576918 
XP_001517346.1 0.6784482 0.6784482 0.6572957 0.6572957 0.7022464 0.6559539 0.8313962 0.9270967 0.8308408 0.6894161 0.6782935 0.6497268 0.5607611 0.6985139 0.0000000 0.6185265 0.6174640 0.6322191 1.0382630 1.1526987 1.6541562 2.1689284 2.4993200 1.8584203 1.6167167 1.7638892 1.4388635 1.9603032 
NP_990856.1    0.8566399 0.8566399 0.8194404 0.8194404 0.8664489 0.8462579 1.0201879 1.0692765 1.0230851 0.8773959 0.8312885 0.8496915 0.7939931 0.9036507 0.6185265 0.0000000 0.0314336 0.3129085 1.0797714 1.0882446 1.6445664 2.1104125 2.3860781 1.7406808 1.4382317 1.6734058 1.3550661 1.9311562 
XP_003212772.1 0.8698126 0.8698126 0.8337591 0.8337591 0.8810708 0.8575834 0.9948235 1.0722532 1.0290531 0.8887498 0.8100761 0.8369855 0.8065794 0.8968977 0.6174640 0.0314336 0.0000000 0.2957426 1.1007690 1.0778968 1.6431521 2.1081386 2.4144613 1.7129374 1.4455818 1.6999740 1.3715307 2.0116344 
XP_005299801.1 0.8538280 0.8538280 0.8275411 0.8275411 0.8654499 0.8500616 0.9730055 1.0299426 0.9884495 0.8680171 0.8477020 0.8397158 0.7910762 0.8522318 0.6322191 0.3129085 0.2957426 0.0000000 1.0460454 1.1034989 1.6411180 2.1145971 2.5786099 1.7175770 1.4333023 1.6835472 1.3620528 1.9043102 
XP_001380867.1 1.0631521 1.0631521 1.0575883 1.0575883 1.0678680 1.0367119 1.2140518 1.2226740 1.1189710 1.1061781 1.0526854 1.0151874 0.9448462 1.0763042 1.0382630 1.0797714 1.1007690 1.0460454 0.0000000 1.3770390 2.0953315 2.2132668 2.4905954 1.9164804 1.7216701 2.0889971 1.6118445 2.0792476 
NP_001005127.1 1.1921158 1.1921158 1.1583596 1.1583596 1.1712273 1.2343140 1.3574837 1.3857530 1.2420014 1.2531297 1.3622751 1.3055097 1.2867829 1.2391803 1.1526987 1.0882446 1.0778968 1.1034989 1.3770390 0.0000000 2.0921821 2.0108545 2.2699474 1.8080423 1.4055014 1.8172923 1.3573733 2.3299608 
XP_005987291.1 1.8055985 1.8055985 1.8424448 1.8424448 1.8509597 1.9290425 2.3209949 2.1544118 1.9398239 1.8834262 1.9202618 1.8052202 1.6965612 1.8859123 1.6541562 1.6445664 1.6431521 1.6411180 2.0953315 2.0921821 0.0000000 2.1729880 2.4048543 1.9028930 1.6551549 1.9878463 1.7113403 2.3404127 
XP_004076021.1 2.2168037 2.2168037 2.2755961 2.2755961 2.2141343 2.2919576 2.4651806 2.2356378 2.0719253 2.2688392 2.3208591 2.3256973 2.1717314 2.3154114 2.1689284 2.1104125 2.1081386 2.1145971 2.2132668 2.0108545 2.1729880 0.0000000 0.6853890 1.1909181 1.1576800 2.2410163 1.8479644 2.5680735 
NP_001072100.1 2.5985771 2.5985771 2.6161686 2.6161686 2.6185707 2.5838046 2.7214214 2.4743896 2.3072339 2.3751397 2.5633109 2.6099654 2.3847179 2.5792181 2.4993200 2.3860781 2.4144613 2.5786099 2.4905954 2.2699474 2.4048543 0.6853890 0.0000000 1.5042985 1.4519521 2.4154414 2.1363544 3.0547739 
NP_571203.1    2.1195624 2.1195624 2.1034907 2.1034907 2.0971137 2.1685723 2.4297004 2.2887911 2.1035730 2.0569576 2.0731208 2.0678559 1.9728607 2.0920336 1.8584203 1.7406808 1.7129374 1.7175770 1.9164804 1.8080423 1.9028930 1.1909181 1.5042985 0.0000000 0.8243483 1.9211965 1.5151769 3.2381327 
XP_006642342.1 1.6846937 1.6846937 1.6890230 1.6890230 1.6794201 1.6976679 1.9219084 1.8201606 1.7049559 1.6370667 1.6946504 1.6322442 1.5863236 1.7230675 1.6167167 1.4382317 1.4455818 1.4333023 1.7216701 1.4055014 1.6551549 1.1576800 1.4519521 0.8243483 0.0000000 1.8554403 1.3939068 2.8994963 
XP_020389622.1 2.0607798 2.0607798 2.0438321 2.0438321 2.0098369 1.9837497 2.2905018 2.1288634 1.9563634 2.0373001 1.9483154 1.9992722 1.9998353 1.9437042 1.7638892 1.6734058 1.6999740 1.6835472 2.0889971 1.8172923 1.9878463 2.2410163 2.4154414 1.9211965 1.8554403 0.0000000 1.0625778 2.8026902 
XP_007905508.1 1.5202402 1.5202402 1.5255897 1.5255897 1.4860280 1.4878198 1.6442621 1.5279893 1.3969096 1.5551036 1.5365847 1.4192498 1.2888611 1.4905278 1.4388635 1.3550661 1.3715307 1.3620528 1.6118445 1.3573733 1.7113403 1.8479644 2.1363544 1.5151769 1.3939068 1.0625778 0.0000000 2.5132093 
CM053038.1     2.1432370 2.1432370 2.0255250 2.0255250 2.1798720 1.9630601 1.9628225 2.3498902 2.0166157 1.9803861 2.0817756 2.0059052 1.9914748 2.0576918 1.9603032 1.9311562 2.0116344 1.9043102 2.0792476 2.3299608 2.3404127 2.5680735 3.0547739 3.2381327 2.8994963 2.8026902 2.5132093 0.0000000 
