24
XP_004950281.1 0.0000000 2.1817197 2.8707195 2.5675620 1.7140171 1.6078915 1.6078915 1.5651902 1.5302796 1.5335161 1.5310308 1.4888291 1.4656729 1.5265960 1.5077001 1.5474149 1.5555386 1.5358090 1.5386967 1.4885201 1.4771420 1.6121965 1.6376849 2.2559915 
XP_002942480.2 2.1817197 0.0000000 2.2158462 2.3070240 2.7375487 1.8811223 1.8811223 1.8261043 1.8181306 1.8188470 1.7796257 1.6665920 1.7649920 1.7740202 1.7623488 1.8666169 1.5971379 1.6393801 1.6820972 1.6605661 2.0106763 1.8552726 1.7157675 1.3793246 
NP_001038953.1 2.8707195 2.2158462 0.0000000 0.7833399 2.6978291 1.7980791 1.7980791 1.7760177 1.7375895 1.7766649 1.7363368 1.7707081 1.7517023 1.8335415 1.8737452 2.0325702 1.8997075 1.8254063 1.8132296 1.9955388 1.9469202 2.0326043 2.1231913 1.9170096 
XP_006643008.1 2.5675620 2.3070240 0.7833399 0.0000000 2.5400166 2.1119999 2.1119999 2.1219159 1.9189876 1.9908194 1.9953474 2.1700757 2.2630719 2.1742006 2.1000963 2.4934370 2.4279485 2.3517929 2.3742552 2.0373108 2.1447780 2.3312993 2.5254343 2.3833907 
XP_007656211.1 1.7140171 2.7375487 2.6978291 2.5400166 0.0000000 1.2893429 1.2893429 1.3238084 1.2897036 1.1959807 1.2129257 1.2682382 1.3159680 1.2288045 1.2564547 1.4668310 1.3591165 1.3670589 1.3524885 1.7507412 1.3322619 1.5576444 1.4759278 2.4509626 
NP_001634.1    1.6078915 1.8811223 1.7980791 2.1119999 1.2893429 0.0000000 0.0000010 0.0414691 0.0451247 0.0836159 0.0728710 0.3287696 0.2373080 0.2863682 0.2868460 0.3309842 0.3690515 0.3555715 0.3395312 1.0336068 0.6227752 0.5436977 0.6735630 1.9308014 
XP_004027815.1 1.6078915 1.8811223 1.7980791 2.1119999 1.2893429 0.0000010 0.0000000 0.0414691 0.0451247 0.0836159 0.0728710 0.3287696 0.2373080 0.2863682 0.2868460 0.3309842 0.3690515 0.3555715 0.3395312 1.0336068 0.6227752 0.5436977 0.6735630 1.9308014 
XP_009431992.1 1.5651902 1.8261043 1.7760177 2.1219159 1.3238084 0.0414691 0.0414691 0.0000000 0.0796346 0.1280374 0.1169013 0.3090283 0.2537094 0.3035069 0.2946181 0.3662961 0.4069297 0.3930005 0.3762165 1.0498955 0.6525858 0.5319031 0.6831552 1.9040769 
NP_001158123.1 1.5302796 1.8181306 1.7375895 1.9189876 1.2897036 0.0451247 0.0451247 0.0796346 0.0000000 0.1033978 0.0915121 0.3424919 0.2553568 0.2788622 0.2811767 0.3314612 0.3684363 0.3384264 0.3214683 0.9506748 0.6097958 0.5030442 0.6361433 1.7755309 
XP_003893015.1 1.5335161 1.8188470 1.7766649 1.9908194 1.1959807 0.0836159 0.0836159 0.1280374 0.1033978 0.0000000 0.0100666 0.2819916 0.1789759 0.2162215 0.2165486 0.2971577 0.3130751 0.3003935 0.2856062 0.9662839 0.6041105 0.4969199 0.6201138 1.8960081 
XP_001117975.1 1.5310308 1.7796257 1.7363368 1.9953474 1.2129257 0.0728710 0.0728710 0.1169013 0.0915121 0.0100666 0.0000000 0.2692683 0.1671435 0.2040373 0.2043407 0.2842269 0.2997794 0.2871891 0.2725848 0.9585790 0.5867903 0.4812747 0.6031352 1.8509249 
XP_001503846.1 1.4888291 1.6665920 1.7707081 2.1700757 1.2682382 0.3287696 0.3287696 0.3090283 0.3424919 0.2819916 0.2692683 0.0000000 0.2125890 0.2240517 0.2406666 0.2844009 0.2819803 0.2968697 0.3118608 1.0357532 0.7024537 0.5704009 0.6331587 1.9337781 
XP_536139.3    1.4656729 1.7649920 1.7517023 2.2630719 1.3159680 0.2373080 0.2373080 0.2537094 0.2553568 0.1789759 0.1671435 0.2125890 0.0000000 0.1302065 0.1319640 0.2171520 0.1953384 0.1835645 0.1705224 0.9668911 0.6884441 0.4380265 0.5712130 1.8444133 
XP_002715298.1 1.5265960 1.7740202 1.8335415 2.1742006 1.2288045 0.2863682 0.2863682 0.3035069 0.2788622 0.2162215 0.2040373 0.2240517 0.1302065 0.0000000 0.1527546 0.2114799 0.2569500 0.2295913 0.2160627 0.9446331 0.6663384 0.4388166 0.5299303 1.8083094 
XP_003999611.1 1.5077001 1.7623488 1.8737452 2.1000963 1.2564547 0.2868460 0.2868460 0.2946181 0.2811767 0.2165486 0.2043407 0.2406666 0.1319640 0.1527546 0.0000000 0.2136876 0.2181527 0.2179369 0.2315080 0.9112656 0.6872167 0.4497145 0.5732325 1.7607718 
NP_001173223.1 1.5474149 1.8666169 2.0325702 2.4934370 1.4668310 0.3309842 0.3309842 0.3662961 0.3314612 0.2971577 0.2842269 0.2844009 0.2171520 0.2114799 0.2136876 0.0000000 0.2581840 0.2205895 0.2215613 1.0610938 0.6976245 0.4936853 0.5979006 1.9324416 
NP_001039381.1 1.5555386 1.5971379 1.8997075 2.4279485 1.3591165 0.3690515 0.3690515 0.4069297 0.3684363 0.3130751 0.2997794 0.2819803 0.1953384 0.2569500 0.2181527 0.2581840 0.0000000 0.0312904 0.0421045 0.9431444 0.6570664 0.5144474 0.5590563 1.7763587 
XP_004002742.1 1.5358090 1.6393801 1.8254063 2.3517929 1.3670589 0.3555715 0.3555715 0.3930005 0.3384264 0.3003935 0.2871891 0.2968697 0.1835645 0.2295913 0.2179369 0.2205895 0.0312904 0.0000000 0.0104245 0.9640563 0.6341294 0.4818206 0.5802062 1.7745638 
XP_005677218.1 1.5386967 1.6820972 1.8132296 2.3742552 1.3524885 0.3395312 0.3395312 0.3762165 0.3214683 0.2856062 0.2725848 0.3118608 0.1705224 0.2160627 0.2315080 0.2215613 0.0421045 0.0104245 0.0000000 0.9662545 0.6433027 0.4638679 0.5602371 1.7619655 
XP_005293843.1 1.4885201 1.6605661 1.9955388 2.0373108 1.7507412 1.0336068 1.0336068 1.0498955 0.9506748 0.9662839 0.9585790 1.0357532 0.9668911 0.9446331 0.9112656 1.0610938 0.9431444 0.9640563 0.9662545 0.0000000 1.1264760 1.0034640 1.1613056 1.5879133 
XP_001371984.1 1.4771420 2.0106763 1.9469202 2.1447780 1.3322619 0.6227752 0.6227752 0.6525858 0.6097958 0.6041105 0.5867903 0.7024537 0.6884441 0.6663384 0.6872167 0.6976245 0.6570664 0.6341294 0.6433027 1.1264760 0.0000000 0.7463552 0.7813894 1.8311154 
XP_006496688.1 1.6121965 1.8552726 2.0326043 2.3312993 1.5576444 0.5436977 0.5436977 0.5319031 0.5030442 0.4969199 0.4812747 0.5704009 0.4380265 0.4388166 0.4497145 0.4936853 0.5144474 0.4818206 0.4638679 1.0034640 0.7463552 0.0000000 0.3215152 1.5742530 
XP_006250301.1 1.6376849 1.7157675 2.1231913 2.5254343 1.4759278 0.6735630 0.6735630 0.6831552 0.6361433 0.6201138 0.6031352 0.6331587 0.5712130 0.5299303 0.5732325 0.5979006 0.5590563 0.5802062 0.5602371 1.1613056 0.7813894 0.3215152 0.0000000 1.7626627 
CM053038.1     2.2559915 1.3793246 1.9170096 2.3833907 2.4509626 1.9308014 1.9308014 1.9040769 1.7755309 1.8960081 1.8509249 1.9337781 1.8444133 1.8083094 1.7607718 1.9324416 1.7763587 1.7745638 1.7619655 1.5879133 1.8311154 1.5742530 1.7626627 0.0000000 
