22
NP_443200.2    0.0000000 0.0393581 0.0364746 0.0083088 0.1871955 0.0167054 0.3281318 0.3540700 0.2337063 0.2326070 0.2692046 0.2453932 0.2479354 0.2280436 0.2552312 0.2585257 0.6162380 1.1910431 1.1619458 1.1873356 1.4579875 2.5405245 
XP_002799851.1 0.0393581 0.0000000 0.0027485 0.0364494 0.2151110 0.0450949 0.3435620 0.3640522 0.2444739 0.2458552 0.2767113 0.2527672 0.2571756 0.2450043 0.2733008 0.2726012 0.6191872 1.2197462 1.1804822 1.2263676 1.5321760 2.7461316 
NP_001162239.1 0.0364746 0.0027485 0.0000000 0.0335793 0.2102522 0.0421930 0.3479638 0.3685508 0.2407116 0.2460160 0.2768983 0.2529337 0.2573804 0.2412288 0.2694357 0.2687035 0.6136397 1.2103969 1.1713484 1.2172680 1.5203663 2.7461316 
XP_003313361.1 0.0083088 0.0364494 0.0335793 0.0000000 0.1822299 0.0138845 0.3329167 0.3584434 0.2300665 0.2285917 0.2650286 0.2413350 0.2430602 0.2241072 0.2588367 0.2544249 0.6137094 1.1944937 1.1654070 1.1978171 1.4755014 2.6258287 
XP_009245366.1 0.1871955 0.2151110 0.2102522 0.1822299 0.0000000 0.1912264 0.5072757 0.5188930 0.4214645 0.4257971 0.4550276 0.4430072 0.4683243 0.4138639 0.4365516 0.4325082 0.7990642 1.3194941 1.2795934 1.3633732 1.7639315 2.0629421 
XP_004052226.1 0.0167054 0.0450949 0.0421930 0.0138845 0.1912264 0.0000000 0.3270350 0.3523573 0.2337584 0.2286262 0.2650709 0.2413719 0.2477341 0.2268427 0.2550867 0.2598404 0.6001538 1.1877581 1.1587490 1.1933473 1.4764387 2.5405245 
NP_536682.2    0.3281318 0.3435620 0.3479638 0.3329167 0.5072757 0.3270350 0.0000000 0.0985005 0.3762591 0.4187221 0.4670059 0.4380214 0.4275839 0.3605354 0.3968682 0.4183622 0.6717702 1.2709332 1.2709864 1.2789252 1.6245902 2.7763781 
NP_001264193.1 0.3540700 0.3640522 0.3685508 0.3584434 0.5188930 0.3523573 0.0985005 0.0000000 0.3784185 0.4280310 0.4636108 0.4379319 0.4319829 0.3723503 0.4136175 0.4192931 0.6659480 1.2537330 1.2584163 1.2449441 1.6112685 2.7120437 
NP_001164880.1 0.2337063 0.2444739 0.2407116 0.2300665 0.4214645 0.2337584 0.3762591 0.3784185 0.0000000 0.2851318 0.3102791 0.2919368 0.2871607 0.2951918 0.2914462 0.3052120 0.6102769 1.2138650 1.1820996 1.1896715 1.5789261 2.5171649 
XP_001500835.1 0.2326070 0.2458552 0.2460160 0.2285917 0.4257971 0.2286262 0.4187221 0.4280310 0.2851318 0.0000000 0.2290123 0.1990196 0.2188274 0.2187422 0.2415020 0.2332888 0.6215114 1.2387861 1.1850843 1.1830315 1.6728830 2.6710814 
NP_001076961.1 0.2692046 0.2767113 0.2768983 0.2650286 0.4550276 0.2650709 0.4670059 0.4636108 0.3102791 0.2290123 0.0000000 0.0404962 0.0549839 0.2105357 0.2381761 0.2719300 0.6137968 1.2248202 1.2050998 1.2020575 1.6270613 2.8019442 
XP_017914482.1 0.2453932 0.2527672 0.2529337 0.2413350 0.4430072 0.2413719 0.4380214 0.4379319 0.2919368 0.1990196 0.0404962 0.0000000 0.0132906 0.1945683 0.2151039 0.2421078 0.5953811 1.2369632 1.1965450 1.2006939 1.6042631 2.8575805 
XP_004016095.1 0.2479354 0.2571756 0.2573804 0.2430602 0.4683243 0.2477341 0.4275839 0.4319829 0.2871607 0.2188274 0.0549839 0.0132906 0.0000000 0.2125744 0.2307174 0.2775643 0.5580934 1.2067686 1.1745007 1.1804165 1.6121073 2.9683390 
NP_001152780.1 0.2280436 0.2450043 0.2412288 0.2241072 0.4138639 0.2268427 0.3605354 0.3723503 0.2951918 0.2187422 0.2105357 0.1945683 0.2125744 0.0000000 0.2588684 0.2472713 0.5842459 1.1707182 1.1204957 1.1078274 1.4283372 2.4522521 
XP_003992440.1 0.2552312 0.2733008 0.2694357 0.2588367 0.4365516 0.2550867 0.3968682 0.4136175 0.2914462 0.2415020 0.2381761 0.2151039 0.2307174 0.2588684 0.0000000 0.1696431 0.6075351 1.1995014 1.1704900 1.2206788 1.6476826 2.9383849 
XP_005619788.1 0.2585257 0.2726012 0.2687035 0.2544249 0.4325082 0.2598404 0.4183622 0.4192931 0.3052120 0.2332888 0.2719300 0.2421078 0.2775643 0.2472713 0.1696431 0.0000000 0.6379081 1.2184883 1.2137503 1.2112787 1.6516643 2.4493612 
XP_001380879.3 0.6162380 0.6191872 0.6136397 0.6137094 0.7990642 0.6001538 0.6717702 0.6659480 0.6102769 0.6215114 0.6137968 0.5953811 0.5580934 0.5842459 0.6075351 0.6379081 0.0000000 1.2918975 1.3040406 1.3515222 1.7440539 2.2717442 
XP_004948132.1 1.1910431 1.2197462 1.2103969 1.1944937 1.3194941 1.1877581 1.2709332 1.2537330 1.2138650 1.2387861 1.2248202 1.2369632 1.2067686 1.1707182 1.1995014 1.2184883 1.2918975 0.0000000 0.1089056 0.5053184 1.0982133 1.8873583 
XP_003212774.1 1.1619458 1.1804822 1.1713484 1.1654070 1.2795934 1.1587490 1.2709864 1.2584163 1.1820996 1.1850843 1.2050998 1.1965450 1.1745007 1.1204957 1.1704900 1.2137503 1.3040406 0.1089056 0.0000000 0.4367300 1.0499084 1.8583622 
XP_005299881.1 1.1873356 1.2263676 1.2172680 1.1978171 1.3633732 1.1933473 1.2789252 1.2449441 1.1896715 1.1830315 1.2020575 1.2006939 1.1804165 1.1078274 1.2206788 1.2112787 1.3515222 0.5053184 0.4367300 0.0000000 0.9128662 2.3772438 
NP_001116904.1 1.4579875 1.5321760 1.5203663 1.4755014 1.7639315 1.4764387 1.6245902 1.6112685 1.5789261 1.6728830 1.6270613 1.6042631 1.6121073 1.4283372 1.6476826 1.6516643 1.7440539 1.0982133 1.0499084 0.9128662 0.0000000 2.3339141 
CM053038.1     2.5405245 2.7461316 2.7461316 2.6258287 2.0629421 2.5405245 2.7763781 2.7120437 2.5171649 2.6710814 2.8019442 2.8575805 2.9683390 2.4522521 2.9383849 2.4493612 2.2717442 1.8873583 1.8583622 2.3772438 2.3339141 0.0000000 
