26
NP_001164881.1 0.0000000 0.5642768 0.6070279 0.8316558 1.1677575 0.8732144 1.0003385 0.9813282 0.6493008 1.1512643 1.0881230 1.9119948 2.0093158 1.7936511 1.7419410 1.4225898 1.1473461 0.3646958 0.3534297 0.3521436 0.3825994 0.4062885 0.3693012 0.3638694 0.3732427 1.9722693 
NP_036869.1    0.5642768 0.0000000 0.1951424 0.8643244 1.3428063 1.0341679 0.9903326 1.0044680 0.7977672 1.1590794 1.1365095 1.8991991 1.9422549 1.8870534 1.8477011 1.5833249 1.2382308 0.5088951 0.4944057 0.5018495 0.5287939 0.5520055 0.5041056 0.5199241 0.5082907 1.6728691 
NP_031494.2    0.6070279 0.1951424 0.0000000 0.8808292 1.3640615 1.0541658 1.0584215 1.0957184 0.8214940 1.2422252 1.2196671 2.0663421 2.0057465 2.0132623 1.9400711 1.6598179 1.3285938 0.5263632 0.5161347 0.5203862 0.5358392 0.5580419 0.5160636 0.5261853 0.5441399 1.9364687 
XP_001380874.1 0.8316558 0.8643244 0.8808292 0.0000000 1.1955573 1.0683496 1.1566510 1.1660862 0.8371506 1.2155727 1.2328423 1.9824683 2.0120416 1.9637564 1.9346470 1.4929264 1.3293252 0.7407661 0.7424412 0.7579520 0.7376026 0.7559221 0.7525051 0.7336680 0.7547466 1.8848070 
XP_007659797.1 1.1677575 1.3428063 1.3640615 1.1955573 0.0000000 1.3086263 1.2154369 1.2282704 0.9696125 1.3123491 1.2947719 2.2305299 2.2833497 2.0410056 1.9458613 1.5399316 1.5238255 1.0136449 1.0118516 1.0120785 1.0104584 1.0320524 1.0147920 0.9697834 0.9828202 3.1036821 
XP_008121793.1 0.8732144 1.0341679 1.0541658 1.0683496 1.3086263 0.0000000 0.9225721 0.9330735 0.6490479 1.1334643 1.2081597 2.0658178 1.9314023 1.8167803 1.7004856 1.4415266 1.3407217 0.8175595 0.7958543 0.7990561 0.8133328 0.8451833 0.8037272 0.7857540 0.7828270 2.3041639 
NP_990269.1    1.0003385 0.9903326 1.0584215 1.1566510 1.2154369 0.9225721 0.0000000 0.0542423 0.6189220 0.9858319 1.1261500 1.8408802 1.8336365 1.8047284 1.5496262 1.4183637 1.2066571 0.7572692 0.7688319 0.7792675 0.7716869 0.8104692 0.7804984 0.8496416 0.8055228 2.1307335 
XP_003212771.1 0.9813282 1.0044680 1.0957184 1.1660862 1.2282704 0.9330735 0.0542423 0.0000000 0.6292071 0.9865340 1.1137435 1.8753277 1.8925054 1.8984841 1.5738165 1.4268088 1.2217883 0.7846502 0.7963697 0.8070120 0.7861907 0.8255466 0.8081812 0.8637922 0.8247771 2.0966941 
XP_005299800.1 0.6493008 0.7977672 0.8214940 0.8371506 0.9696125 0.6490479 0.6189220 0.6292071 0.0000000 0.7805547 0.7375326 1.7563925 1.7539986 1.6517478 1.5022656 1.1202038 0.9873969 0.5380168 0.5236154 0.5316356 0.5336097 0.5458547 0.5362659 0.5160108 0.5182701 1.7772142 
NP_001008099.1 1.1512643 1.1590794 1.2422252 1.2155727 1.3123491 1.1334643 0.9858319 0.9865340 0.7805547 0.0000000 1.0107992 1.9472352 1.7676362 1.6245474 1.5192088 1.3287181 1.1706026 1.0164891 1.0150633 1.0246546 1.0158355 1.0412856 1.0200610 0.9724664 0.9643434 1.7707163 
XP_005987289.2 1.0881230 1.1365095 1.2196671 1.2328423 1.2947719 1.2081597 1.1261500 1.1137435 0.7375326 1.0107992 0.0000000 1.8417715 1.7645230 1.7315571 1.5824727 1.0066168 1.0048770 0.9908457 0.9800239 0.9828367 0.9995546 1.0209911 0.9995151 0.8870427 0.8849660 1.9604620 
NP_001072059.1 1.9119948 1.8991991 2.0663421 1.9824683 2.2305299 2.0658178 1.8408802 1.8753277 1.7563925 1.9472352 1.8417715 0.0000000 0.5534844 1.0045998 1.0096495 1.8370441 1.6837660 1.6268140 1.6487235 1.6433615 1.6651863 1.6565057 1.6520759 1.6547589 1.6974852 1.9651470 
XP_004074170.1 2.0093158 1.9422549 2.0057465 2.0120416 2.2833497 1.9314023 1.8336365 1.8925054 1.7539986 1.7676362 1.7645230 0.5534844 0.0000000 0.9840904 1.0298940 2.0041328 1.8629304 1.7757846 1.7701210 1.7615305 1.8048086 1.8084548 1.7571731 1.7646676 1.7750546 1.9102925 
NP_001073330.1 1.7936511 1.8870534 2.0132623 1.9637564 2.0410056 1.8167803 1.8047284 1.8984841 1.6517478 1.6245474 1.7315571 1.0045998 0.9840904 0.0000000 0.9071197 1.8677702 1.7423383 1.6337381 1.6231943 1.6179726 1.6488656 1.7044390 1.6154979 1.6653299 1.6120661 2.2952706 
XP_015191905.1 1.7419410 1.8477011 1.9400711 1.9346470 1.9458613 1.7004856 1.5496262 1.5738165 1.5022656 1.5192088 1.5824727 1.0096495 1.0298940 0.9071197 0.0000000 1.5776387 1.4641897 1.4863609 1.4404468 1.4244410 1.4841024 1.5202082 1.4353751 1.4896065 1.4734177 2.2206086 
XP_020377459.1 1.4225898 1.5833249 1.6598179 1.4929264 1.5399316 1.4415266 1.4183637 1.4268088 1.1202038 1.3287181 1.0066168 1.8370441 2.0041328 1.8677702 1.5776387 0.0000000 1.0270457 1.2534035 1.2634495 1.2763945 1.2780696 1.2909484 1.2814006 1.1977966 1.2094462 2.1134662 
XP_007910038.1 1.1473461 1.2382308 1.3285938 1.3293252 1.5238255 1.3407217 1.2066571 1.2217883 0.9873969 1.1706026 1.0048770 1.6837660 1.8629304 1.7423383 1.4641897 1.0270457 0.0000000 1.0597975 1.0478516 1.0574626 1.0518096 1.0640419 1.0635541 1.0330605 1.0431817 2.0269153 
NP_000473.2    0.3646958 0.5088951 0.5263632 0.7407661 1.0136449 0.8175595 0.7572692 0.7846502 0.5380168 1.0164891 0.9908457 1.6268140 1.7757846 1.6337381 1.4863609 1.2534035 1.0597975 0.0000000 0.0179664 0.0309680 0.0600570 0.0713481 0.0335334 0.2103743 0.2038618 2.0166265 
XP_522192.2    0.3534297 0.4944057 0.5161347 0.7424412 1.0118516 0.7958543 0.7688319 0.7963697 0.5236154 1.0150633 0.9800239 1.6487235 1.7701210 1.6231943 1.4404468 1.2634495 1.0478516 0.0179664 0.0000000 0.0179823 0.0520822 0.0659582 0.0257260 0.2043602 0.1944127 1.9688873 
XP_004052227.1 0.3521436 0.5018495 0.5203862 0.7579520 1.0120785 0.7990561 0.7792675 0.8070120 0.5316356 1.0246546 0.9828367 1.6433615 1.7615305 1.6179726 1.4244410 1.2763945 1.0574626 0.0309680 0.0179823 0.0000000 0.0631823 0.0772340 0.0361909 0.2076938 0.2007864 1.9688873 
XP_009185615.1 0.3825994 0.5287939 0.5358392 0.7376026 1.0104584 0.8133328 0.7716869 0.7861907 0.5336097 1.0158355 0.9995546 1.6651863 1.8048086 1.6488656 1.4841024 1.2780696 1.0518096 0.0600570 0.0520822 0.0631823 0.0000000 0.0292486 0.0596028 0.2359088 0.2203479 2.0185136 
XP_001090730.2 0.4062885 0.5520055 0.5580419 0.7559221 1.0320524 0.8451833 0.8104692 0.8255466 0.5458547 1.0412856 1.0209911 1.6565057 1.8084548 1.7044390 1.5202082 1.2909484 1.0640419 0.0713481 0.0659582 0.0772340 0.0292486 0.0000000 0.0697657 0.2578932 0.2422142 2.0237444 
XP_009245367.1 0.3693012 0.5041056 0.5160636 0.7525051 1.0147920 0.8037272 0.7804984 0.8081812 0.5362659 1.0200610 0.9995151 1.6520759 1.7571731 1.6154979 1.4353751 1.2814006 1.0635541 0.0335334 0.0257260 0.0361909 0.0596028 0.0697657 0.0000000 0.2132290 0.2029598 1.9544787 
XP_546510.3    0.3638694 0.5199241 0.5261853 0.7336680 0.9697834 0.7857540 0.8496416 0.8637922 0.5160108 0.9724664 0.8870427 1.6547589 1.7646676 1.6653299 1.4896065 1.1977966 1.0330605 0.2103743 0.2043602 0.2076938 0.2359088 0.2578932 0.2132290 0.0000000 0.1413072 1.9403954 
XP_003992503.1 0.3732427 0.5082907 0.5441399 0.7547466 0.9828202 0.7828270 0.8055228 0.8247771 0.5182701 0.9643434 0.8849660 1.6974852 1.7750546 1.6120661 1.4734177 1.2094462 1.0431817 0.2038618 0.1944127 0.2007864 0.2203479 0.2422142 0.2029598 0.1413072 0.0000000 2.0104118 
CM053038.1     1.9722693 1.6728691 1.9364687 1.8848070 3.1036821 2.3041639 2.1307335 2.0966941 1.7772142 1.7707163 1.9604620 1.9651470 1.9102925 2.2952706 2.2206086 2.1134662 2.0269153 2.0166265 1.9688873 1.9688873 2.0185136 2.0237444 1.9544787 1.9403954 2.0104118 0.0000000 
