22
NP_001636.1             0.0000000 0.0120353 0.0120073 0.2626253 0.2620058 0.2617474 0.1000895 0.1411584 0.1547996 1.5284278 0.8571461 0.3908485 0.4516485 0.4393436 0.4122139 1.6207116 1.4447132 1.3031085 1.6599426 1.5470879 1.3841319 1.5249798 
XP_003316492.1          0.0120353 0.0000000 0.0241399 0.2780248 0.2773674 0.2770956 0.1132098 0.1548442 0.1686373 1.5066566 0.8799868 0.4086252 0.4446097 0.4324326 0.4310302 1.6582927 1.4798846 1.3357688 1.6974069 1.5867370 1.4187766 1.5125353 
XP_018870623.1          0.0120073 0.0241399 0.0000000 0.2477672 0.2471833 0.2469379 0.0872190 0.1277900 0.1413023 1.5487190 0.8554791 0.3820264 0.4416261 0.4409918 0.4026470 1.6167064 1.4190053 1.2796593 1.6318549 1.5177743 1.3589709 1.5476948 
XP_018870626.1          0.2626253 0.2780248 0.2477672 0.0000000 0.0248777 0.0500394 0.2321480 0.2364200 0.2517418 1.5054265 0.8985867 0.4937057 0.6814624 0.6404827 0.6069956 1.9303549 1.5696099 1.5925896 1.6952575 1.7399749 1.4819015 1.5528862 
sp|P0CE37.1|APO1A_PANTR 0.2620058 0.2773674 0.2471833 0.0248777 0.0000000 0.0247351 0.2180161 0.2348853 0.2501119 1.5074336 0.9029960 0.4752890 0.6603558 0.6197706 0.5863433 1.9266705 1.5671636 1.5898734 1.6389130 1.7368739 1.4794431 1.6589604 
sp|P0CE39.1|APO1A_PONAB 0.2617474 0.2770956 0.2469379 0.0500394 0.0247351 0.0000000 0.2177969 0.2346488 0.2498612 1.4856668 0.9234620 0.5106189 0.6597703 0.6192037 0.5857863 1.9518495 1.5890390 1.6190688 1.6608585 1.7743288 1.5078577 1.6445306 
XP_003779249.1          0.1000895 0.1132098 0.0872190 0.2321480 0.2180161 0.2177969 0.0000000 0.0364846 0.0488775 1.3855764 0.7831372 0.3239732 0.3732644 0.3623449 0.3304524 1.5730903 1.2886012 1.2415920 1.5538325 1.4363224 1.2848746 1.6302986 
XP_014979728.1          0.1411584 0.1548442 0.1277900 0.2364200 0.2348853 0.2346488 0.0364846 0.0000000 0.0121396 1.4398299 0.7995361 0.3282371 0.3969312 0.3827074 0.3555619 1.6214250 1.3143094 1.2847613 1.6187501 1.4520024 1.3845928 1.7530740 
XP_009196976.1          0.1547996 0.1686373 0.1413023 0.2517418 0.2501119 0.2498612 0.0488775 0.0121396 0.0000000 1.4820114 0.8301074 0.3449128 0.4148833 0.4004191 0.3732662 1.6668551 1.2800356 1.2847613 1.6638831 1.4520024 1.4251275 1.8108226 
XP_008505047.1          1.5284278 1.5066566 1.5487190 1.5054265 1.5074336 1.4856668 1.3855764 1.4398299 1.4820114 0.0000000 1.6310858 1.4667067 1.5969197 1.6274294 1.3580366 3.0458373 2.4349738 2.5129188 2.4757407 2.6613445 2.6348483 2.6325452 
XP_006941186.1          0.8571461 0.8799868 0.8554791 0.8985867 0.9029960 0.9234620 0.7831372 0.7995361 0.8301074 1.6310858 0.0000000 0.6280248 0.9192958 0.9292849 0.8810555 2.6905245 2.4206926 1.9149713 2.0553298 2.0082919 1.7248742 2.7721739 
NP_001183977.1          0.3908485 0.4086252 0.3820264 0.4937057 0.4752890 0.5106189 0.3239732 0.3282371 0.3449128 1.4667067 0.6280248 0.0000000 0.4021441 0.3313616 0.3228899 1.3872638 1.4725691 1.2547968 1.6245732 1.4465090 1.3620217 1.8121837 
NP_001103466.1          0.4516485 0.4446097 0.4416261 0.6814624 0.6603558 0.6597703 0.3732644 0.3969312 0.4148833 1.5969197 0.9192958 0.4021441 0.0000000 0.1746087 0.3117903 1.4621672 1.6528442 1.2796678 1.5847605 1.5491924 1.3152551 1.9896718 
NP_001103479.1          0.4393436 0.4324326 0.4409918 0.6404827 0.6197706 0.6192037 0.3623449 0.3827074 0.4004191 1.6274294 0.9292849 0.3313616 0.1746087 0.0000000 0.2930984 1.3707769 1.6219187 1.2566800 1.6433499 1.5703291 1.2480564 1.9108730 
NP_001153753.1          0.4122139 0.4310302 0.4026470 0.6069956 0.5863433 0.5857863 0.3304524 0.3555619 0.3732662 1.3580366 0.8810555 0.3228899 0.3117903 0.2930984 0.0000000 1.2487020 1.3327311 1.1737190 1.5844377 1.3504957 1.2525056 1.6402450 
XP_007491635.1          1.6207116 1.6582927 1.6167064 1.9303549 1.9266705 1.9518495 1.5730903 1.6214250 1.6668551 3.0458373 2.6905245 1.3872638 1.4621672 1.3707769 1.2487020 0.0000000 1.7456925 1.6055806 2.1418220 2.1497928 1.5682707 2.9110627 
XP_003230683.2          1.4447132 1.4798846 1.4190053 1.5696099 1.5671636 1.5890390 1.2886012 1.3143094 1.2800356 2.4349738 2.4206926 1.4725691 1.6528442 1.6219187 1.3327311 1.7456925 0.0000000 0.9119856 1.6989558 1.6393499 1.4055055 2.7063637 
XP_005289540.1          1.3031085 1.3357688 1.2796593 1.5925896 1.5898734 1.6190688 1.2415920 1.2847613 1.2847613 2.5129188 1.9149713 1.2547968 1.2796678 1.2566800 1.1737190 1.6055806 0.9119856 0.0000000 1.4546074 1.5016934 1.0679615 2.3224045 
XP_002941078.2          1.6599426 1.6974069 1.6318549 1.6952575 1.6389130 1.6608585 1.5538325 1.6187501 1.6638831 2.4757407 2.0553298 1.6245732 1.5847605 1.6433499 1.5844377 2.1418220 1.6989558 1.4546074 0.0000000 1.5563660 1.1622888 2.3789731 
XP_004078303.1          1.5470879 1.5867370 1.5177743 1.7399749 1.7368739 1.7743288 1.4363224 1.4520024 1.4520024 2.6613445 2.0082919 1.4465090 1.5491924 1.5703291 1.3504957 2.1497928 1.6393499 1.5016934 1.5563660 0.0000000 1.0678935 2.3968936 
NP_001278815.1          1.3841319 1.4187766 1.3589709 1.4819015 1.4794431 1.5078577 1.2848746 1.3845928 1.4251275 2.6348483 1.7248742 1.3620217 1.3152551 1.2480564 1.2525056 1.5682707 1.4055055 1.0679615 1.1622888 1.0678935 0.0000000 2.1227262 
CM053038.1              1.5249798 1.5125353 1.5476948 1.5528862 1.6589604 1.6445306 1.6302986 1.7530740 1.8108226 2.6325452 2.7721739 1.8121837 1.9896718 1.9108730 1.6402450 2.9110627 2.7063637 2.3224045 2.3789731 2.3968936 2.1227262 0.0000000 
