22
NP_000474.2    0.0000000 0.0100272 0.0201847 0.0946669 0.1301451 0.1409860 0.4804234 0.4976490 0.4042184 0.5298643 0.4039039 0.4671174 0.6056994 0.5728496 0.4922881 0.4615221 1.1683689 1.0752219 1.6741575 2.0872062 2.1403006 3.8579087 
NP_001230828.1 0.0100272 0.0000000 0.0100231 0.0968594 0.1302245 0.1441114 0.4725161 0.4894748 0.3973831 0.5216575 0.3970573 0.4503055 0.5955390 0.5600061 0.4840988 0.4541585 1.1658595 1.0752219 1.6741575 2.0736227 2.1186533 3.8579087 
XP_018870627.1 0.0201847 0.0100231 0.0000000 0.1083310 0.1420907 0.1562845 0.4898981 0.5071805 0.4136612 0.5402369 0.4020286 0.4539460 0.6160257 0.5407757 0.4884542 0.4715229 1.2015338 1.0803123 1.7300970 2.0899893 2.1289084 3.9127491 
XP_009231041.1 0.0946669 0.0968594 0.1083310 0.0000000 0.0963331 0.0961065 0.4318737 0.4483796 0.3580370 0.4742049 0.4373016 0.4502658 0.6093021 0.5303235 0.4482740 0.4414233 1.2119341 1.1065563 1.7201698 2.1236887 2.1850330 3.8678058 
XP_009196973.1 0.1301451 0.1302245 0.1420907 0.0963331 0.0000000 0.0205573 0.3922228 0.4079553 0.3212300 0.4627655 0.4291236 0.4279302 0.5378483 0.5008805 0.4116732 0.3780736 1.0975684 0.9950390 1.6647746 2.0434307 2.1493954 3.5479540 
XP_002801531.1 0.1409860 0.1441114 0.1562845 0.0961065 0.0205573 0.0000000 0.3934649 0.4092078 0.3386673 0.4596257 0.4304243 0.4491382 0.5391604 0.5015506 0.4097434 0.3755676 1.1200082 0.9678289 1.7116262 2.0159898 2.1718585 3.7072929 
XP_004015363.1 0.4804234 0.4725161 0.4898981 0.4318737 0.3922228 0.3934649 0.0000000 0.0099215 0.0716746 0.3019549 0.4057366 0.3986240 0.4683079 0.6880145 0.5611980 0.4807903 1.2316907 1.0423748 2.0141085 1.9800864 1.9709841 4.0251230 
XP_005701831.1 0.4976490 0.4894748 0.5071805 0.4483796 0.4079553 0.4092078 0.0099215 0.0000000 0.0824411 0.3166722 0.4219069 0.4147252 0.4853725 0.6962407 0.5810277 0.4985075 1.2267454 1.0646427 2.0748378 2.0248730 2.0151182 4.1694916 
NP_001095850.1 0.4042184 0.3973831 0.4136612 0.3580370 0.3212300 0.3386673 0.0716746 0.0824411 0.0000000 0.3244737 0.4010840 0.4016189 0.5012652 0.6657614 0.5486357 0.4447088 1.3322120 1.0065173 1.8546478 2.0356923 2.0284896 3.6546223 
XP_005653336.1 0.5298643 0.5216575 0.5402369 0.4742049 0.4627655 0.4596257 0.3019549 0.3166722 0.3244737 0.0000000 0.3866784 0.4699401 0.4739937 0.5931111 0.4819966 0.4247565 1.1435524 0.9246620 1.7617545 2.3000913 2.2486471 3.9437983 
XP_001502426.1 0.4039039 0.3970573 0.4020286 0.4373016 0.4291236 0.4304243 0.4057366 0.4219069 0.4010840 0.3866784 0.0000000 0.3291511 0.4481719 0.5124692 0.4476778 0.3793755 1.3231101 1.0091391 1.9539116 2.1399948 2.2553845 3.8349559 
NP_001003368.1 0.4671174 0.4503055 0.4539460 0.4502658 0.4279302 0.4491382 0.3986240 0.4147252 0.4016189 0.4699401 0.3291511 0.0000000 0.4025221 0.5529251 0.5238082 0.5175980 1.3736203 1.0815638 1.8931920 2.1606685 2.2068050 3.8935417 
XP_003997697.1 0.6056994 0.5955390 0.6160257 0.6093021 0.5378483 0.5391604 0.4683079 0.4853725 0.5012652 0.4739937 0.4481719 0.4025221 0.0000000 0.7622792 0.6834042 0.5565711 1.2873983 1.0158897 2.0510693 2.2043289 2.7081771 3.8675730 
NP_001264873.1 0.5728496 0.5600061 0.5407757 0.5303235 0.5008805 0.5015506 0.6880145 0.6962407 0.6657614 0.5931111 0.5124692 0.5529251 0.7622792 0.0000000 0.2616815 0.5606932 1.4645261 1.0733212 2.1798146 2.1925341 2.2558631 3.8275299 
NP_001078821.1 0.4922881 0.4840988 0.4884542 0.4482740 0.4116732 0.4097434 0.5611980 0.5810277 0.5486357 0.4819966 0.4476778 0.5238082 0.6834042 0.2616815 0.0000000 0.4093699 1.2664134 0.9989029 2.1748598 2.3300598 2.2727237 4.3940508 
XP_008250476.1 0.4615221 0.4541585 0.4715229 0.4414233 0.3780736 0.3755676 0.4807903 0.4985075 0.4447088 0.4247565 0.3793755 0.5175980 0.5565711 0.5606932 0.4093699 0.0000000 1.2499641 1.0060911 1.6716415 2.0402620 2.2173081 4.2617314 
XP_007491646.1 1.1683689 1.1658595 1.2015338 1.2119341 1.0975684 1.1200082 1.2316907 1.2267454 1.3322120 1.1435524 1.3231101 1.3736203 1.2873983 1.4645261 1.2664134 1.2499641 0.0000000 1.2267066 2.0845427 2.7589307 3.1428820 5.7203141 
XP_007659067.1 1.0752219 1.0752219 1.0803123 1.1065563 0.9950390 0.9678289 1.0423748 1.0646427 1.0065173 0.9246620 1.0091391 1.0815638 1.0158897 1.0733212 0.9989029 1.0060911 1.2267066 0.0000000 1.4980131 1.7452077 2.0381115 2.7116400 
XP_004920591.1 1.6741575 1.6741575 1.7300970 1.7201698 1.6647746 1.7116262 2.0141085 2.0748378 1.8546478 1.7617545 1.9539116 1.8931920 2.0510693 2.1798146 2.1748598 1.6716415 2.0845427 1.4980131 0.0000000 1.6182148 1.6557114 3.9228566 
NP_001027890.1 2.0872062 2.0736227 2.0899893 2.1236887 2.0434307 2.0159898 1.9800864 2.0248730 2.0356923 2.3000913 2.1399948 2.1606685 2.2043289 2.1925341 2.3300598 2.0402620 2.7589307 1.7452077 1.6182148 0.0000000 0.6297110 3.1461972 
XP_691110.1    2.1403006 2.1186533 2.1289084 2.1850330 2.1493954 2.1718585 1.9709841 2.0151182 2.0284896 2.2486471 2.2553845 2.2068050 2.7081771 2.2558631 2.2727237 2.2173081 3.1428820 2.0381115 1.6557114 0.6297110 0.0000000 4.4187822 
CM053038.1     3.8579087 3.8579087 3.9127491 3.8678058 3.5479540 3.7072929 4.0251230 4.1694916 3.6546223 3.9437983 3.8349559 3.8935417 3.8675730 3.8275299 4.3940508 4.2617314 5.7203141 2.7116400 3.9228566 3.1461972 4.4187822 0.0000000 
