27
NP_000032.1    0.0000000 0.0295206 0.0560462 0.0335680 0.0645130 0.0836591 0.4329379 0.4178460 0.4078263 0.4489257 0.3650164 0.3332872 0.4455577 0.4295554 0.4015479 0.3763380 1.0240132 1.2978004 2.0273108 1.6598614 2.2770314 1.6358077 2.4480770 2.2936234 2.2506619 3.1920585 2.4210391 
NP_001009007.1 0.0295206 0.0000000 0.0449310 0.0140223 0.0575598 0.0705152 0.4121907 0.3964837 0.3999963 0.4297902 0.3428988 0.3195032 0.4164524 0.4229701 0.3913080 0.3631339 1.0531197 1.2590541 1.9805867 1.6094878 2.2346687 1.5746225 2.4229918 2.2942516 2.1929340 3.1432141 2.4481622 
XP_002829426.1 0.0560462 0.0449310 0.0000000 0.0622815 0.0753116 0.0982535 0.4326393 0.4146204 0.4108787 0.4580336 0.3745463 0.3342843 0.4596583 0.4411466 0.3926666 0.3741495 1.0510706 1.2488910 2.0361966 1.6642865 2.2480374 1.6061968 2.4177971 2.2384381 2.2135245 3.0808543 2.7282311 
XP_004061033.1 0.0335680 0.0140223 0.0622815 0.0000000 0.0692084 0.0896770 0.3729444 0.3427527 0.3553065 0.3827488 0.3261773 0.3133172 0.3081609 0.4622890 0.3736893 0.3408551 1.0055302 1.2400516 1.7671315 1.3653668 1.8919698 1.5532415 2.1884636 2.1210142 1.8466754 2.9519965 2.5383806 
XP_003918648.1 0.0645130 0.0575598 0.0753116 0.0692084 0.0000000 0.0194521 0.4085979 0.3974280 0.3972402 0.4237988 0.3120617 0.3348331 0.3977043 0.4080256 0.3803906 0.3624511 1.0702015 1.2342110 2.0461063 1.6669609 2.2759149 1.6189429 2.4681132 2.3116341 2.2268978 3.3140459 2.3313044 
XP_001104482.2 0.0836591 0.0705152 0.0982535 0.0896770 0.0194521 0.0000000 0.4347737 0.4292350 0.4192529 0.4521598 0.3210197 0.3609116 0.3899493 0.4285536 0.3836563 0.3677165 1.0851910 1.2431320 2.1257923 1.5717131 2.2283306 1.6189429 2.2709390 2.1979376 2.0897448 3.3475498 2.2391732 
XP_005701832.1 0.4329379 0.4121907 0.4326393 0.3729444 0.4085979 0.4347737 0.0000000 0.0269621 0.0865155 0.4960828 0.2543630 0.4634428 0.4270205 0.3776258 0.4798017 0.4983273 1.1811295 1.3395294 2.0452574 1.5848939 2.1559554 1.6625533 2.5334155 2.4251201 2.1266890 3.1213254 2.2742361 
XP_004015786.1 0.4178460 0.3964837 0.4146204 0.3427527 0.3974280 0.4292350 0.0269621 0.0000000 0.1005574 0.5944764 0.2305957 0.4569910 0.4136317 0.3517986 0.4977595 0.5164541 1.1552163 1.2947018 2.0063313 1.6026859 2.1219010 1.6625533 2.5424698 2.3752894 2.1352070 3.0537083 2.1160276 
NP_776416.1    0.4078263 0.3999963 0.4108787 0.3553065 0.3972402 0.4192529 0.0865155 0.1005574 0.0000000 0.4964741 0.2709584 0.4499702 0.4206546 0.3917448 0.4981645 0.5045396 1.1799152 1.3268448 2.0776284 1.6247698 2.1814323 1.7040029 2.5046527 2.4136546 2.1935643 3.1459165 2.2194570 
XP_005616517.1 0.4489257 0.4297902 0.4580336 0.3827488 0.4237988 0.4521598 0.4960828 0.5944764 0.4964741 0.0000000 0.1905868 0.5024000 0.4813812 0.5447724 0.5410236 0.5240536 1.1906463 1.3314498 2.0519657 1.6552595 2.2021091 1.6255369 2.3838484 2.2410782 2.0948483 3.0700258 2.5577167 
XP_003997740.1 0.3650164 0.3428988 0.3745463 0.3261773 0.3120617 0.3210197 0.2543630 0.2305957 0.2709584 0.1905868 0.0000000 0.4054258 0.2619004 0.3729464 0.3575009 0.3713850 1.1764021 1.1868336 1.9193955 1.3893701 1.8239003 1.6176865 2.1149086 2.0764207 1.9366077 2.9286338 2.1134237 
NP_001076112.1 0.3332872 0.3195032 0.3342843 0.3133172 0.3348331 0.3609116 0.4634428 0.4569910 0.4499702 0.5024000 0.4054258 0.0000000 0.4729292 0.4903736 0.4764318 0.4701181 1.1435328 1.3189197 2.1277106 1.7674417 2.2242039 1.7089336 2.5305922 2.3476437 2.1931471 3.3414079 2.6746439 
XP_005614820.1 0.4455577 0.4164524 0.4596583 0.3081609 0.3977043 0.3899493 0.4270205 0.4136317 0.4206546 0.4813812 0.2619004 0.4729292 0.0000000 0.4817190 0.4852655 0.4831957 1.1460155 1.3711513 2.0184912 1.4837066 2.0209405 1.5640321 2.0824855 2.0702201 1.9795387 2.8635408 2.2086881 
NP_999473.1    0.4295554 0.4229701 0.4411466 0.4622890 0.4080256 0.4285536 0.3776258 0.3517986 0.3917448 0.5447724 0.3729464 0.4903736 0.4817190 0.0000000 0.4881054 0.4720643 1.2340647 1.4967965 2.1076965 1.6708430 2.2127442 1.6838567 2.5215817 2.3941222 2.3323025 3.0746916 2.6362256 
NP_001257612.1 0.4015479 0.3913080 0.3926666 0.3736893 0.3803906 0.3836563 0.4798017 0.4977595 0.4981645 0.5410236 0.3575009 0.4764318 0.4852655 0.4881054 0.0000000 0.0848148 1.0465537 1.2115823 1.9635725 1.5862876 2.1089436 1.5066353 2.2929863 2.1612826 2.1064382 2.9850403 2.2810906 
NP_033826.2    0.3763380 0.3631339 0.3741495 0.3408551 0.3624511 0.3677165 0.4983273 0.5164541 0.5045396 0.5240536 0.3713850 0.4701181 0.4831957 0.4720643 0.0848148 0.0000000 1.0582637 1.2467886 1.9889135 1.5386053 2.0605479 1.4993794 2.2550000 2.1684692 2.1296024 3.0238767 2.2981301 
XP_007491633.1 1.0240132 1.0531197 1.0510706 1.0055302 1.0702015 1.0851910 1.1811295 1.1552163 1.1799152 1.1906463 1.1764021 1.1435328 1.1460155 1.2340647 1.0465537 1.0582637 0.0000000 1.4443350 2.0462009 1.7790711 2.0478932 1.5761478 2.4437251 2.0848514 2.0848305 3.1016012 3.1096900 
XP_007656348.1 1.2978004 1.2590541 1.2488910 1.2400516 1.2342110 1.2431320 1.3395294 1.2947018 1.3268448 1.3314498 1.1868336 1.3189197 1.3711513 1.4967965 1.2115823 1.2467886 1.4443350 0.0000000 1.9020444 1.6199409 2.0945281 1.4548402 2.5698986 2.4911588 2.0449632 3.0900790 2.7984978 
XP_005999187.1 2.0273108 1.9805867 2.0361966 1.7671315 2.0461063 2.1257923 2.0452574 2.0063313 2.0776284 2.0519657 1.9193955 2.1277106 2.0184912 2.1076965 1.9635725 1.9889135 2.0462009 1.9020444 0.0000000 1.1071236 1.3857400 0.9690174 1.7408133 1.7149517 1.3158523 2.2451251 3.3028667 
XP_005289542.1 1.6598614 1.6094878 1.6642865 1.3653668 1.6669609 1.5717131 1.5848939 1.6026859 1.6247698 1.6552595 1.3893701 1.7674417 1.4837066 1.6708430 1.5862876 1.5386053 1.7790711 1.6199409 1.1071236 0.0000000 1.1609553 1.0651242 1.9281474 1.8340775 1.3090199 2.2502695 2.9895223 
XP_002941085.2 2.2770314 2.2346687 2.2480374 1.8919698 2.2759149 2.2283306 2.1559554 2.1219010 2.1814323 2.2021091 1.8239003 2.2242039 2.0209405 2.2127442 2.1089436 2.0605479 2.0478932 2.0945281 1.3857400 1.1609553 0.0000000 1.1201129 2.1016255 1.9350591 1.4883896 2.7231499 3.2393235 
XP_015191895.1 1.6358077 1.5746225 1.6061968 1.5532415 1.6189429 1.6189429 1.6625533 1.6625533 1.7040029 1.6255369 1.6176865 1.7089336 1.5640321 1.6838567 1.5066353 1.4993794 1.5761478 1.4548402 0.9690174 1.0651242 1.1201129 0.0000000 1.3057356 1.0130148 1.0703342 2.4292388 3.8907928 
XP_004078300.1 2.4480770 2.4229918 2.4177971 2.1884636 2.4681132 2.2709390 2.5334155 2.5424698 2.5046527 2.3838484 2.1149086 2.5305922 2.0824855 2.5215817 2.2929863 2.2550000 2.4437251 2.5698986 1.7408133 1.9281474 2.1016255 1.3057356 0.0000000 0.8135229 1.4138359 2.9244752 3.0788510 
NP_001072103.1 2.2936234 2.2942516 2.2384381 2.1210142 2.3116341 2.1979376 2.4251201 2.3752894 2.4136546 2.2410782 2.0764207 2.3476437 2.0702201 2.3941222 2.1612826 2.1684692 2.0848514 2.4911588 1.7149517 1.8340775 1.9350591 1.0130148 0.8135229 0.0000000 1.4364707 2.9587591 3.7582422 
NP_001018401.1 2.2506619 2.1929340 2.2135245 1.8466754 2.2268978 2.0897448 2.1266890 2.1352070 2.1935643 2.0948483 1.9366077 2.1931471 1.9795387 2.3323025 2.1064382 2.1296024 2.0848305 2.0449632 1.3158523 1.3090199 1.4883896 1.0703342 1.4138359 1.4364707 0.0000000 2.2138436 2.3960891 
XP_003229179.2 3.1920585 3.1432141 3.0808543 2.9519965 3.3140459 3.3475498 3.1213254 3.0537083 3.1459165 3.0700258 2.9286338 3.3414079 2.8635408 3.0746916 2.9850403 3.0238767 3.1016012 3.0900790 2.2451251 2.2502695 2.7231499 2.4292388 2.9244752 2.9587591 2.2138436 0.0000000 3.7496874 
CM053038.1     2.4210391 2.4481622 2.7282311 2.5383806 2.3313044 2.2391732 2.2742361 2.1160276 2.2194570 2.5577167 2.1134237 2.6746439 2.2086881 2.6362256 2.2810906 2.2981301 3.1096900 2.7984978 3.3028667 2.9895223 3.2393235 3.8907928 3.0788510 3.7582422 2.3960891 3.7496874 0.0000000 
